3 2 33
5 3 8
5 3 13
5 3 19
5 3 41
5 3 46
5 4 40
5 4 46
3 4 57
3 4 63
4 5 31
4 5 37
4 5 53
4 5 65
5 7 33
2 8 15
4 8 16
4 8 18
4 8 32
4 8 38
4 8 51
4 8 52
4 8 58
4 8 64
3 9 11
5 9 17
3 9 23
3 9 39
5 10 33
4 11 22
2 11 30
4 11 31
4 11 37
2 11 51
4 11 53
2 11 59
2 11 65
4 11 78
4 11 80
5 12 47
5 12 54
3 12 71
5 12 76
4 13 15
4 13 18
4 13 32
2 13 58
4 14 38
4 14 64
5 15 34
5 15 60
5 15 66
3 15 72
3 16 34
5 16 40
3 16 46
4 16 51
4 16 59
4 16 65
4 16 79
2 17 53
2 17 59
2 17 65
4 17 78
3 18 19
5 18 35
5 18 40
5 18 46
3 18 47
4 19 32
4 19 38
4 19 52
4 19 58
4 19 64
4 20 65
5 21 33
5 21 45
5 22 33
3 22 45
2 23 31
4 23 37
4 23 53
2 23 59
2 23 65
4 23 78
5 24 33
3 24 47
4 25 59
4 25 65
5 26 33
3 26 40
3 26 46
4 26 53
4 26 59
4 26 65
4 26 78
3 28 47
3 28 54
3 28 71
3 30 33
5 30 40
5 30 45
5 30 46
5 31 33
5 31 39
5 31 60
3 31 61
3 31 66
3 31 73
5 32 40
5 32 46
5 32 47
4 33 36
2 33 37
2 33 43
2 33 50
4 33 62
4 33 67
4 34 80
4 35 37
3 36 40
3 37 39
5 37 40
3 37 45
5 37 46
5 37 60
3 37 61
3 37 66
3 37 73
5 38 47
3 38 60
4 39 53
2 39 59
2 39 65
4 39 78
4 40 80
4 41 58
4 41 64
5 43 47
5 43 54
3 43 76
2 46 51
2 46 58
2 46 79
2 47 52
4 47 62
5 51 57
5 51 63
3 51 80
3 52 60
3 53 61
3 53 73
2 57 59
2 57 65
2 57 79
3 59 60
5 59 63
3 59 80
4 60 64
4 60 65
4 61 65
2 63 65
4 63 79
3 65 66
3 65 73
3 65 80
3 79 80
