4 18 60
4 27 64
2 77 29
4 15 53
4 66 54
1 31 63
4 37 35
0 51 68
0 21 42
0 30 8
1 60 35
2 48 46
0 67 25
5 60 36
0 65 62
0 34 10
4 42 54
2 75 41
0 43 63
0 19 48
0 52 55
4 63 6
3 32 38
4 68 47
4 2 35
0 65 25
0 29 66
2 57 25
5 54 78
3 25 48
5 67 5
5 70 33
0 66 5
3 68 58
3 0 45
5 27 62
3 58 31
4 34 56
0 39 46
0 43 30
0 48 60
3 68 24
2 33 58
0 46 34
0 57 10
2 45 71
3 30 44
0 33 70
2 38 68
2 12 60
0 59 48
3 51 45
3 25 40
4 37 15
2 69 66
3 68 27
2 26 46
4 50 70
2 9 30
0 16 63
3 76 51
0 46 58
0 67 61
0 64 59
0 53 14
2 57 46
0 21 51
5 42 14
0 64 40
5 37 49
0 16 28
0 60 76
2 62 44
3 46 50
0 68 40
4 32 47
0 78 11
3 46 14
4 31 25
4 0 46
2 17 68
4 71 58
0 52 26
0 68 72
5 16 73
0 24 40
4 28 25
3 72 62
2 40 41
0 46 59
2 50 67
0 45 62
4 49 42
5 53 55
0 8 52
0 60 21
5 53 5
0 52 68
0 65 1
4 23 60
0 62 49
4 34 23
4 77 22
0 63 32
4 66 80
2 51 28
5 68 53
0 73 67
0 31 78
3 76 73
3 32 39
0 55 15
3 30 53
4 51 7
1 52 38
4 26 60
0 2 30
0 31 59
2 55 30
5 48 44
2 34 16
4 62 36
0 59 72
0 10 40
2 49 47
0 35 3
2 40 25
3 42 0
5 22 45
4 37 71
3 35 67
4 45 8
5 67 14
3 31 45
0 48 28
0 61 48
0 31 71
0 48 65
3 36 14
0 80 11
2 52 30
4 31 42
2 59 30
3 80 15
4 6 64
0 7 53
0 79 42
3 42 35
0 51 37
0 39 68
1 51 39
3 78 52
0 39 28
0 55 49
4 48 55
5 60 38
0 2 43
3 68 63
5 35 46
5 76 71
1 47 54
0 29 73
0 30 56
3 25 44
0 27 40
0 23 30
2 28 32
3 76 27
0 42 9
4 73 48
5 30 11
2 61 47
2 23 68
2 62 13
4 37 7
4 79 35
4 63 58
3 63 69
3 22 31
4 65 76
4 35 60
2 65 52
0 31 9
3 35 36
5 34 45
0 71 33
2 75 66
2 21 35
2 51 66
4 10 47
4 2 46
3 80 5
0 43 27
4 69 32
5 7 71
2 38 60
0 40 71
3 64 39
5 65 33
4 59 44
3 25 23
5 48 78
5 43 48
5 21 69
5 13 77
0 69 13
2 34 24
5 53 78
5 80 48
5 68 42
4 40 64
0 0 77
3 35 77
3 18 45
4 40 0
3 50 77
4 65 39
1 55 78
0 50 25
0 64 23
0 74 53
2 6 25
0 19 70
0 22 64
0 16 50
4 69 77
0 53 69
5 54 80
0 35 69
3 80 9
2 73 66
4 63 15
2 63 70
4 46 42
3 50 62
3 54 74
5 58 65
4 37 24
4 17 43
3 54 38
2 63 4
5 58 71
1 44 70
5 78 17
0 58 80
5 66 26
4 79 24
5 71 31
0 78 35
0 21 71
1 64 53
3 28 63
0 52 76
4 38 4
5 38 34
0 43 4
0 65 22
5 55 34
5 80 4
2 24 47
4 70 41
3 64 63
2 58 41
0 54 79
5 67 51
2 69 38
0 54 32
2 65 47
2 33 15
5 46 32
1 80 54
5 25 37
5 16 71
5 16 39
5 60 77
5 30 23
2 69 72
3 29 52
0 38 53
2 23 80
4 45 22
4 71 76
0 41 78
3 64 70
5 46 8
2 62 51
4 37 50
0 34 78
0 54 69
0 38 78
0 80 36
0 77 2
3 29 77
4 62 31
0 78 4
5 13 39
5 43 49
4 76 60
4 0 30
4 37 62
4 13 54
3 41 75
5 16 62
0 41 53
0 32 44
0 47 58
4 66 35
0 13 65
3 39 37
2 44 68
4 75 44
5 0 33
2 62 39
4 62 27
3 35 39
2 36 46
5 47 63
0 3 55
2 8 66
2 45 54
4 8 78
0 76 17
0 24 46
2 39 66
0 64 8
4 71 43
4 3 25
5 51 73
2 71 67
0 17 22
2 33 50
0 42 71
3 27 52
3 32 5
3 28 71
2 35 47
0 75 2
5 55 44
2 28 53
5 48 73
2 52 80
0 22 8
2 49 16
5 80 37
4 77 54
3 29 57
5 35 9
0 2 37
5 57 34
5 47 9
0 68 38
4 19 13
0 54 53
5 64 12
4 29 42
0 29 16
4 61 64
4 12 41
2 67 68
0 56 31
4 30 47
2 60 54
4 26 48
4 36 32
3 7 34
2 61 30
0 53 37
3 60 65
5 0 69
0 54 6
5 72 69
0 45 43
0 66 34
3 32 78
2 71 30
5 52 65
5 12 40
2 37 60
0 77 30
0 31 44
4 71 13
0 80 31
5 70 39
3 41 48
3 47 52
4 14 25
5 50 69
0 43 19
3 28 40
0 77 20
0 73 42
0 6 45
1 42 47
4 27 67
5 25 45
0 4 34
3 79 69
4 56 32
0 5 64
0 12 29
0 76 1
5 23 40
1 34 69
0 70 32
5 66 46
3 37 34
3 64 38
0 49 64
2 65 80
5 30 25
0 78 58
0 76 55
3 6 49
4 37 30
5 52 37
2 77 36
3 4 52
3 42 58
0 38 49
0 73 60
0 36 48
3 54 76
2 27 48
3 36 38
3 68 31
5 43 67
0 71 48
3 71 38
0 76 33
0 1 29
2 37 16
4 40 23
4 59 78
0 17 50
1 55 29
5 47 79
4 61 66
4 53 66
0 44 29
0 31 79
5 59 40
3 55 31
2 75 68
2 69 30
0 27 68
5 51 63
5 7 19
4 77 70
3 10 49
0 55 71
5 47 19
5 48 77
4 18 30
2 56 67
0 67 30
3 70 38
0 2 33
5 66 28
2 15 35
3 29 71
0 78 25
3 32 69
2 6 30
3 42 67
2 44 47
3 64 31
0 62 64
3 42 11
0 55 12
0 37 52
5 32 55
2 63 35
2 38 22
2 69 67
0 32 18
4 66 41
4 77 35
2 61 35
3 53 26
5 68 19
5 60 64
0 30 76
3 18 34
4 18 47
4 27 66
0 66 14
4 14 64
0 33 46
0 37 56
4 73 47
5 47 72
0 62 20
4 75 4
2 3 35
2 70 66
4 23 42
2 75 30
2 34 43
2 38 32
4 19 30
5 79 37
5 42 70
5 9 49
5 60 32
4 33 64
0 62 43
4 61 46
0 53 0
0 80 50
3 41 31
0 50 61
0 10 29
0 35 79
2 29 47
0 47 8
2 12 68
4 71 22
0 40 63
5 67 34
0 17 30
4 38 72
0 23 46
0 49 44
5 60 0
5 60 3
5 54 23
3 41 49
2 32 66
0 38 35
5 29 44
2 5 68
0 53 1
4 59 28
3 35 48
3 66 79
0 42 31
2 63 47
0 10 69
5 22 65
0 71 36
0 41 73
5 47 44
4 62 63
4 45 61
4 5 67
2 45 67
4 67 53
3 58 33
0 2 54
0 35 65
0 41 58
0 55 53
0 40 7
4 39 67
5 36 69
4 1 80
3 35 44
0 80 56
4 20 35
0 28 26
3 78 65
3 18 69
3 32 52
4 19 7
5 71 39
0 79 19
5 29 8
3 41 77
3 66 53
0 49 24
0 54 34
4 33 65
0 36 31
0 25 29
4 75 43
4 23 78
2 48 25
0 14 46
5 80 16
5 11 45
3 30 57
4 67 29
0 78 64
5 33 37
4 28 70
0 79 2
4 29 25
0 60 14
3 67 28
0 78 49
4 27 76
4 69 34
4 37 76
4 49 63
0 41 56
5 36 67
5 41 12
4 71 47
3 71 37
5 25 35
0 44 73
5 67 8
4 75 28
3 36 23
4 63 52
0 65 46
2 9 68
4 18 42
5 3 40
2 31 4
5 47 24
0 23 44
3 76 77
0 42 28
4 15 41
0 18 31
4 25 54
5 50 73
4 2 25
4 67 80
2 31 48
0 33 16
4 34 8
5 41 46
4 59 4
3 46 76
2 71 50
2 16 42
5 53 28
1 32 64
5 77 40
0 36 62
4 6 36
2 31 46
2 38 47
2 65 67
3 47 49
3 36 26
4 52 29
2 38 25
3 80 27
4 0 66
0 4 29
4 45 13
2 45 30
2 9 54
4 35 41
3 32 57
0 5 60
0 53 67
5 12 69
0 61 28
3 78 28
2 28 68
4 75 13
3 68 57
0 78 30
4 57 28
2 61 42
2 52 46
4 45 42
5 52 69
3 60 26
5 75 69
4 17 32
4 56 78
3 66 21
5 66 78
3 68 79
0 12 80
2 65 36
2 31 41
0 69 31
3 68 5
0 41 26
5 31 52
3 53 29
3 29 40
3 52 33
0 20 79
2 37 72
5 41 3
0 48 54
5 60 63
3 43 44
2 77 50
0 74 49
3 78 34
5 48 27
3 72 34
5 78 57
2 34 63
3 7 38
4 12 25
2 39 25
0 62 34
3 54 67
3 71 52
3 43 77
3 42 40
0 18 68
2 27 72
2 70 25
2 45 7
5 47 17
0 2 52
3 70 65
4 40 61
5 25 39
3 67 65
4 69 29
3 44 69
4 65 7
5 76 63
5 24 63
3 42 43
2 49 27
0 41 69
4 20 54
5 58 69
3 50 59
3 80 58
5 80 32
0 36 77
4 59 13
3 80 20
5 61 49
3 4 45
5 59 45
3 66 70
0 8 63
0 26 54
2 69 43
5 72 28
4 16 47
2 50 46
0 55 79
2 28 36
4 45 39
0 11 37
0 15 27
4 23 43
0 44 66
5 28 77
0 60 75
4 30 42
5 42 64
2 45 33
2 70 78
5 28 75
0 42 17
4 79 46
4 72 46
2 34 32
0 44 79
0 13 38
2 28 60
0 13 43
4 29 54
2 37 44
2 37 36
5 42 23
4 49 55
5 13 51
2 34 47
4 55 36
2 49 72
5 35 74
5 26 40
0 75 53
5 78 23
3 60 43
4 69 0
5 46 5
5 46 15
3 48 33
5 47 67
4 34 1
5 53 38
5 68 35
0 39 35
0 38 76
4 70 44
4 45 16
0 9 76
0 29 7
2 29 35
0 76 23
3 63 33
5 44 45
2 67 54
4 57 64
5 53 58
5 42 4
2 37 13
3 51 65
5 80 23
5 32 76
0 43 3
3 39 65
4 45 64
2 48 32
0 10 53
3 54 55
2 58 60
2 36 35
2 33 51
4 64 60
2 43 80
0 66 43
4 9 66
4 65 35
0 2 63
0 6 65
3 80 2
0 54 14
0 70 31
4 34 21
5 30 0
4 63 76
0 34 9
0 65 16
3 15 40
0 77 25
0 62 22
0 22 79
5 47 78
3 30 65
2 56 43
0 11 52
0 38 80
2 37 38
0 76 19
3 51 49
2 38 54
0 47 21
0 2 55
0 38 16
0 48 16
0 78 63
2 45 55
0 64 34
4 34 5
3 46 40
2 62 60
0 35 73
5 68 15
4 40 54
5 46 57
3 44 71
0 56 53
3 80 39
0 38 9
4 45 10
0 66 40
0 8 50
0 1 66
5 29 50
0 72 37
0 32 26
4 18 35
4 62 24
5 20 69
5 4 59
0 33 54
2 72 42
5 80 29
5 42 5
2 39 70
4 65 43
2 40 43
4 78 68
0 15 45
4 34 66
2 63 41
5 29 69
0 61 39
5 25 57
0 63 60
2 69 33
5 54 52
2 43 36
5 43 56
2 73 41
5 67 78
4 3 54
4 33 72
0 56 42
2 40 31
5 45 69
1 80 30
0 68 26
3 47 34
0 49 1
0 40 60
5 66 27
4 17 66
3 41 51
3 68 71
0 23 47
3 32 29
2 49 52
0 31 7
4 74 66
3 25 58
3 35 40
3 41 70
3 36 57
5 41 67
2 73 68
4 27 16
0 80 49
4 63 44
5 54 33
2 73 36
3 39 62
3 44 33
5 46 26
2 33 36
2 65 6
0 25 49
2 37 53
3 80 73
0 19 61
4 40 11
2 45 70
4 8 32
5 22 51
4 21 80
0 4 32
0 61 10
0 54 5
3 25 14
2 55 54
4 57 32
2 77 43
5 16 59
3 54 60
4 11 54
0 6 29
0 76 34
0 27 21
3 44 37
0 36 16
2 62 54
0 57 71
0 64 35
2 44 53
5 46 78
5 4 73
0 20 48
0 20 49
0 70 42
2 73 25
4 69 55
0 51 79
4 37 25
0 28 80
4 45 2
0 60 53
5 54 31
2 53 30
3 55 73
5 67 27
5 47 5
2 63 28
4 25 68
2 60 47
5 80 10
0 53 16
5 78 50
0 14 76
3 66 69
3 35 37
2 45 4
4 69 36
5 51 27
0 75 51
0 40 46
0 59 10
5 25 12
5 66 73
0 26 31
2 33 28
2 6 66
0 8 72
0 24 35
5 42 61
0 12 43
0 50 1
4 16 54
3 68 8
2 36 25
5 43 14
0 36 34
0 70 54
1 80 47
3 24 34
5 25 62
0 36 19
0 63 17
4 75 70
4 15 47
5 48 59
2 78 47
4 58 47
5 48 69
0 12 71
0 22 52
0 49 35
3 16 40
0 14 28
4 53 25
4 6 76
0 19 66
0 7 55
2 33 53
5 30 59
3 58 40
3 68 16
2 5 42
4 39 54
5 35 59
2 16 30
4 33 62
0 67 35
3 79 45
5 80 51
5 68 62
2 72 54
5 66 15
0 38 67
0 56 66
0 49 19
5 30 45
4 75 32
4 20 66
5 61 65
2 75 64
5 53 21
4 71 46
2 15 80
3 41 43
5 22 71
0 53 23
5 60 18
5 32 67
4 3 32
3 35 15
0 37 4
5 78 8
3 16 49
0 41 54
0 44 61
0 67 52
4 63 10
4 72 25
5 55 70
0 21 16
0 59 38
0 31 11
0 77 28
2 33 44
0 34 49
5 58 52
3 54 9
5 63 31
0 15 43
4 53 68
3 72 75
0 75 29
3 29 31
5 44 57
4 70 72
2 36 66
3 18 40
3 27 65
2 27 42
1 44 28
4 11 30
0 26 66
0 11 42
0 17 41
5 54 16
5 60 44
5 42 26
2 59 29
5 60 2
5 66 17
3 53 51
4 65 41
3 80 55
5 37 65
0 50 37
4 79 41
4 23 35
0 37 67
0 80 43
5 47 75
0 55 11
2 6 54
2 39 55
5 70 73
2 0 42
0 44 78
5 63 34
3 38 37
5 35 50
0 28 79
4 56 30
0 62 30
4 37 80
0 42 65
3 54 27
3 7 62
0 16 75
0 49 11
4 31 16
0 15 54
1 38 63
4 41 80
3 13 40
4 45 68
3 72 71
2 33 13
2 75 80
0 45 80
3 53 8
0 41 6
2 65 38
2 49 41
3 35 70
3 60 73
3 4 49
4 76 30
0 4 65
2 35 42
0 44 64
3 68 21
0 61 22
3 35 21
5 67 39
3 44 52
4 59 16
0 55 32
3 78 75
0 72 29
5 53 15
5 5 69
5 53 57
5 42 75
0 79 6
2 74 80
0 35 14
0 44 55
2 57 61
2 79 13
2 17 47
4 26 36
5 58 73
0 35 23
2 34 7
1 68 80
0 67 2
0 17 51
0 43 47
0 39 9
5 58 38
0 64 52
0 71 29
0 69 52
3 47 60
5 27 71
2 50 55
3 30 5
3 44 27
2 69 63
3 47 15
3 49 69
3 76 8
5 4 79
2 71 32
2 59 25
3 32 49
5 36 70
0 27 49
0 30 15
4 52 36
4 13 68
4 40 26
5 53 70
3 24 45
0 52 59
5 41 2
0 29 60
5 21 45
0 36 59
2 33 71
4 33 48
5 12 45
5 46 74
4 24 80
5 53 73
0 75 46
5 6 37
5 66 38
0 42 74
0 63 59
0 6 39
2 52 7
3 46 23
0 8 36
5 48 14
3 30 58
5 70 51
3 58 34
3 30 6
0 75 25
2 37 70
4 52 22
5 28 69
4 55 66
4 62 46
4 78 43
5 24 65
4 62 6
5 80 0
3 80 6
5 32 45
5 66 0
0 65 15
0 19 53
2 62 50
5 25 28
0 5 44
3 66 77
5 43 71
4 9 35
3 25 17
3 38 33
3 66 62
4 37 63
4 24 53
3 46 21
5 64 44
5 41 27
3 44 62
4 34 58
4 70 36
0 40 70
5 76 56
0 67 50
5 56 69
2 65 13
4 36 60
0 73 24
4 45 59
4 52 24
0 70 45
3 10 33
3 64 26
0 36 73
4 34 20
4 33 39
5 30 64
0 31 43
2 24 41
2 40 42
0 41 62
2 34 29
4 40 77
0 1 48
4 5 35
5 47 12
0 24 48
0 25 38
4 17 78
2 71 25
2 69 27
4 8 43
0 68 12
0 46 70
5 42 66
2 21 60
3 42 49
2 31 54
0 22 38
0 66 32
2 44 67
0 40 18
0 43 24
0 77 53
2 45 48
5 42 18
0 60 34
4 69 56
0 34 67
5 28 51
0 30 16
3 25 50
0 7 76
2 44 54
0 61 68
4 69 53
0 65 50
2 69 10
2 59 55
0 66 33
0 78 10
2 34 65
5 36 71
0 20 78
0 0 62
5 38 69
5 14 40
2 14 80
2 27 29
0 32 62
2 40 68
3 68 70
0 1 36
2 75 54
0 33 45
0 59 6
3 63 37
4 33 47
5 59 69
2 23 54
2 58 68
3 76 65
0 41 8
4 69 20
4 70 53
5 78 45
5 46 17
4 76 25
4 33 49
2 8 64
3 10 79
4 29 43
4 29 55
5 32 12
0 31 61
0 0 47
5 55 38
3 25 52
4 59 42
5 60 41
4 40 51
0 7 44
5 20 45
5 54 3
4 52 13
0 40 6
4 78 55
0 13 62
5 42 80
5 13 59
5 68 73
0 74 30
2 72 68
2 69 76
0 26 64
0 48 42
4 30 68
3 60 5
4 45 1
3 47 64
2 79 25
4 37 6
0 12 54
4 17 64
2 48 64
2 32 25
2 39 53
3 35 6
3 68 76
0 17 61
5 30 36
5 80 21
5 76 15
0 24 66
0 6 47
0 76 45
0 41 76
0 45 65
2 69 54
5 35 24
0 8 28
5 67 56
4 49 0
0 62 11
5 35 63
2 31 28
0 48 4
2 69 50
5 30 73
5 30 74
0 39 18
4 59 51
0 22 55
0 64 33
5 56 34
0 71 49
0 16 67
4 39 60
3 76 39
0 70 49
5 54 13
4 50 66
3 42 45
0 79 50
4 50 28
0 73 62
2 51 67
5 64 29
4 6 32
4 16 68
0 62 42
5 68 25
2 77 76
2 71 66
2 65 42
3 72 27
3 60 37
2 44 48
5 68 46
4 69 26
5 42 79
4 69 4
4 37 33
0 5 28
5 4 38
4 39 51
5 54 77
5 42 55
0 78 56
5 48 29
3 68 28
0 52 20
0 60 30
2 34 50
0 24 59
0 40 29
2 21 54
4 49 60
5 25 74
0 63 13
3 68 11
5 47 10
4 46 66
4 78 66
4 52 71
4 77 46
5 30 24
5 55 43
4 44 50
4 38 66
4 52 58
0 30 71
5 43 62
4 25 47
4 41 25
5 30 77
3 43 65
4 53 60
5 66 6
2 64 68
0 54 21
3 29 27
0 26 39
0 18 80
5 42 76
5 35 72
4 1 42
0 73 15
0 77 55
2 74 42
5 54 37
4 58 72
0 54 66
5 16 27
4 5 54
4 5 29
3 72 77
2 34 0
3 42 62
3 35 55
1 78 48
0 15 68
3 35 57
2 65 55
2 71 55
0 21 78
5 42 10
3 43 39
0 65 44
5 30 79
3 25 24
4 45 44
5 35 56
4 55 35
1 52 62
5 25 77
4 34 26
4 45 73
3 42 15
4 65 60
5 25 36
2 65 63
2 62 58
0 19 33
3 67 57
4 28 54
0 70 8
0 34 68
5 78 31
0 49 73
1 48 67
0 70 14
0 48 11
4 14 30
2 6 41
5 62 65
0 45 32
3 42 52
4 45 74
0 80 3
3 47 77
0 25 64
0 75 42
5 18 33
0 24 68
0 70 17
0 71 15
0 32 9
2 14 35
0 79 68
0 65 58
4 71 54
0 42 2
0 62 28
3 53 77
5 47 22
3 68 3
0 30 72
0 32 46
0 79 66
2 44 60
3 41 65
3 25 20
0 14 72
1 46 41
3 53 40
4 51 16
0 28 78
4 34 18
5 28 44
4 39 7
2 46 47
0 23 61
4 34 76
3 33 69
3 78 39
0 80 40
4 74 41
5 58 39
2 59 47
5 41 71
1 41 35
5 43 23
1 68 30
4 69 11
5 76 52
4 44 30
0 48 70
0 66 36
5 41 72
0 8 60
4 34 12
5 35 0
2 79 54
0 29 49
0 51 8
2 40 37
0 66 31
0 4 33
0 58 63
5 41 21
0 14 36
5 55 17
4 69 1
3 60 29
4 34 15
5 60 72
5 64 75
5 76 6
5 4 63
0 8 10
2 52 54
5 60 28
0 41 63
3 13 63
0 62 9
4 5 46
0 55 6
0 70 1
0 46 43
0 6 43
4 46 80
0 32 7
5 66 18
4 57 43
5 20 34
0 57 31
5 60 12
5 36 65
5 80 68
4 24 36
0 33 63
2 28 66
5 76 44
5 27 73
5 46 0
5 46 18
5 72 49
0 43 28
0 51 40
2 73 30
5 29 62
5 36 15
0 69 9
2 34 39
4 36 53
5 54 1
2 69 46
5 80 13
2 65 64
0 22 29
5 13 45
0 55 20
4 34 64
3 55 27
0 1 33
0 71 6
0 55 16
2 26 30
4 12 76
0 43 21
2 57 68
5 10 31
5 16 77
4 51 55
5 75 34
2 38 55
4 33 38
1 30 54
4 37 48
3 60 15
0 74 31
3 80 44
0 55 13
5 10 45
3 80 24
0 79 48
3 80 53
5 36 51
5 30 4
4 38 51
3 25 16
5 32 15
0 13 8
2 31 72
4 15 76
5 66 29
0 6 48
4 65 78
2 37 29
5 36 52
3 80 70
5 35 38
3 61 57
0 26 13
3 67 75
5 32 61
5 36 12
3 42 38
4 58 64
0 61 74
0 70 47
1 29 48
4 5 53
5 32 58
2 62 7
2 16 80
0 80 46
4 51 72
0 65 31
0 4 36
0 43 57
0 29 53
0 3 29
0 71 28
3 78 37
0 79 63
3 64 50
0 47 73
0 64 45
0 7 33
2 79 80
0 20 75
5 65 34
0 78 22
2 33 80
4 2 41
3 60 67
3 64 71
0 72 38
0 7 50
5 16 51
2 26 47
0 57 27
0 33 55
0 47 69
0 9 80
0 5 72
0 54 17
5 54 39
3 66 49
4 52 4
0 69 58
4 77 47
0 57 51
4 34 80
4 57 13
2 37 58
0 42 63
5 25 32
4 69 23
3 68 48
0 79 30
2 2 47
5 43 78
3 60 23
5 29 14
4 36 68
2 28 47
0 4 69
3 46 67
5 35 12
4 3 53
5 65 49
5 25 53
3 64 55
4 39 27
0 63 29
2 23 66
0 73 32
2 49 25
2 74 68
5 4 71
3 32 77
3 47 6
3 64 14
5 61 45
4 38 62
1 38 31
2 45 49
2 57 41
0 63 80
2 78 46
3 35 61
4 33 67
4 77 71
5 24 37
0 7 45
0 72 53
5 57 40
4 44 72
0 29 79
0 33 73
5 35 78
3 32 17
2 60 68
0 51 9
4 57 50
2 61 60
4 38 58
4 7 68
5 25 0
4 26 32
4 58 35
4 65 24
3 46 62
3 46 53
0 28 67
0 26 76
3 71 65
4 26 41
4 61 53
3 25 67
0 52 17
3 30 35
0 31 55
5 27 69
4 25 80
4 55 68
2 33 24
5 32 65
2 31 68
3 54 11
0 68 20
0 43 22
2 40 28
4 12 42
5 17 69
2 3 41
0 9 52
2 45 0
4 40 2
5 46 2
5 76 50
4 65 27
0 72 61
0 27 41
0 13 64
0 70 29
0 10 66
4 16 60
0 45 79
2 44 42
0 65 40
3 64 48
5 22 63
4 29 80
3 68 17
0 55 21
0 0 38
4 29 78
5 78 38
2 34 4
0 40 62
4 52 28
0 53 9
5 29 75
4 45 40
5 35 76
0 16 64
4 62 25
5 3 69
2 56 41
4 73 58
2 57 54
0 58 37
0 26 42
3 7 69
4 48 43
0 69 25
0 54 20
3 42 20
5 55 23
0 22 48
3 28 73
4 34 74
0 42 57
0 19 78
3 35 45
4 77 13
0 20 63
0 41 1
4 73 35
4 40 9
3 43 50
2 49 28
2 49 15
4 49 80
3 25 5
4 45 15
0 54 50
5 32 8
4 39 64
2 49 62
4 8 42
5 8 45
5 42 30
0 73 18
5 78 29
4 51 71
5 46 65
5 25 55
5 68 51
5 66 23
0 64 30
2 56 68
5 71 73
3 80 78
5 42 19
0 72 17
2 49 39
4 63 30
4 44 76
3 53 27
2 6 80
4 65 51
3 64 43
3 46 12
5 30 80
5 26 45
0 73 9
5 55 50
4 65 32
4 71 42
2 33 35
3 51 38
5 47 26
0 36 10
4 51 22
2 38 13
3 68 66
3 68 75
4 4 54
3 53 63
4 22 68
5 78 27
0 50 26
5 60 27
0 75 71
0 31 73
0 40 52
3 68 44
3 15 33
0 63 51
1 29 67
4 33 68
5 25 59
3 47 71
0 29 24
4 67 42
3 46 77
2 31 50
3 47 56
4 56 13
0 38 73
1 70 28
0 2 49
2 45 41
0 79 1
4 51 80
0 79 40
0 29 41
3 43 69
5 1 69
0 52 72
2 75 78
5 80 12
3 53 75
2 73 28
2 3 68
5 46 9
3 66 52
4 35 25
2 62 41
4 62 66
5 15 63
4 24 30
5 42 59
0 68 36
0 32 22
5 54 19
3 55 52
4 37 79
4 69 16
2 70 55
2 34 71
0 68 33
4 44 46
4 71 16
5 32 36
0 18 53
3 47 70
5 18 65
4 65 61
4 56 28
3 68 29
0 52 57
5 70 37
4 9 46
4 72 30
4 52 67
0 10 67
2 43 54
0 60 39
0 12 78
2 31 67
5 80 18
0 51 26
2 61 54
2 63 78
2 51 30
4 32 53
0 68 37
0 20 33
5 74 34
2 69 22
0 51 36
0 36 5
0 22 37
4 12 36
0 0 39
4 20 46
4 59 80
0 23 72
4 58 42
2 64 80
5 16 65
2 5 47
5 79 65
4 76 47
2 11 47
5 54 4
0 3 42
5 60 31
2 63 50
2 38 64
4 63 16
5 46 71
0 14 47
0 30 70
5 42 16
3 44 31
3 28 52
5 39 45
4 71 72
5 55 39
2 62 29
0 50 36
3 54 40
0 8 27
5 24 52
5 10 63
4 62 68
3 61 34
2 76 42
5 77 69
0 7 28
5 64 76
3 43 75
3 80 28
5 7 73
4 14 54
0 8 76
4 38 15
2 59 36
5 55 77
3 66 51
2 39 32
2 32 60
4 26 67
5 72 39
5 26 69
2 5 30
1 66 60
0 1 67
0 28 17
5 54 24
2 73 44
2 76 80
5 47 35
0 48 13
3 78 33
4 13 80
5 78 14
3 78 40
0 25 63
0 43 73
5 9 33
5 54 22
3 54 45
5 42 8
5 46 61
0 46 69
0 59 43
0 52 74
0 32 56
5 9 69
4 11 35
2 69 47
3 28 37
4 24 32
4 2 68
4 14 78
2 12 47
5 57 69
0 79 27
0 30 61
4 45 57
5 35 2
4 45 66
3 15 65
2 8 46
5 2 34
2 0 68
3 41 45
0 25 3
5 67 73
3 30 66
5 42 12
4 74 46
5 50 63
5 70 50
0 0 73
2 65 4
4 40 66
4 44 32
5 42 77
0 36 49
5 4 37
0 64 7
2 63 7
0 3 46
3 43 51
0 48 80
2 40 15
3 47 33
0 66 8
1 71 51
3 66 12
2 62 4
2 49 78
2 75 60
4 37 22
4 9 60
5 32 63
5 9 40
0 58 30
4 25 42
3 80 52
5 54 70
0 30 18
0 73 53
3 55 69
0 52 18
4 54 68
0 41 10
0 21 68
4 28 42
3 35 49
4 52 66
0 73 52
0 51 70
0 43 72
2 33 30
3 70 59
2 59 70
2 43 25
5 32 24
4 70 46
4 26 29
4 56 50
0 60 19
2 33 76
0 30 14
3 64 62
5 42 22
3 44 38
0 20 37
4 57 80
0 57 78
0 53 13
0 15 29
4 39 22
1 62 38
0 5 76
0 68 45
2 49 6
5 62 40
2 12 46
2 76 68
3 44 59
4 28 72
4 55 25
5 68 10
4 8 54
4 79 47
4 46 60
0 70 35
4 78 54
0 32 75
4 37 61
0 38 70
4 57 53
1 40 34
0 13 33
2 62 67
4 2 60
4 76 46
4 38 7
0 15 66
3 30 29
5 16 38
0 56 36
5 47 1
0 69 18
2 49 38
4 27 51
0 20 42
4 73 20
3 30 26
3 43 45
5 46 39
4 34 11
2 76 35
0 78 2
3 25 65
2 40 65
4 57 36
0 63 22
4 21 76
5 80 22
5 42 3
2 45 46
3 68 6
5 43 5
4 39 58
4 63 46
0 80 41
3 47 59
4 79 58
0 58 25
0 67 32
5 52 40
5 41 79
0 0 61
2 35 68
3 53 31
0 48 63
5 15 31
5 30 43
0 31 8
3 29 70
4 45 60
5 5 45
2 52 32
3 16 69
0 6 68
5 23 69
2 37 10
5 36 56
5 37 69
0 63 39
4 3 64
5 72 44
3 76 49
1 55 48
5 66 44
3 41 15
3 36 29
5 7 63
5 51 77
5 42 21
0 51 62
0 48 76
4 63 53
3 36 40
3 30 28
5 13 57
5 47 62
0 11 43
2 53 80
0 16 44
3 55 37
5 30 55
2 40 47
3 61 40
5 41 61
0 61 41
0 79 38
5 9 34
0 48 37
5 63 40
2 70 60
5 36 79
0 66 47
5 66 24
0 49 10
0 15 34
0 30 52
4 56 76
5 25 72
4 21 36
3 47 32
5 22 34
0 27 12
0 50 19
0 74 62
5 41 20
4 9 41
4 77 42
3 68 43
0 34 48
2 46 54
3 62 33
3 36 33
2 33 41
0 49 43
2 69 44
3 48 57
3 58 45
0 2 62
4 37 54
2 39 29
5 71 59
0 54 35
3 6 40
5 53 6
0 48 74
2 37 43
5 30 63
3 44 63
2 40 53
3 54 71
2 40 48
5 68 22
3 39 52
5 68 4
2 40 16
3 68 55
5 32 37
4 40 73
2 48 66
0 79 15
0 35 58
1 67 43
4 0 25
2 9 47
4 72 47
2 48 30
0 12 7
4 52 78
4 49 68
2 40 38
5 67 44
5 43 31
4 9 25
2 69 37
5 47 61
2 63 43
4 0 35
0 76 69
0 67 60
3 41 37
0 65 10
5 1 34
2 27 43
0 51 25
0 17 58
3 42 50
4 45 17
3 53 59
5 42 73
0 62 47
3 25 69
4 34 40
5 64 27
4 45 56
4 50 35
4 34 72
4 65 0
4 54 47
3 68 69
2 50 68
3 68 64
4 71 4
0 61 29
0 28 23
3 42 48
4 52 6
0 19 72
2 33 22
3 38 65
5 42 13
4 62 72
0 47 76
4 52 39
4 53 54
1 52 31
0 72 40
5 25 60
0 28 59
0 30 69
3 65 69
5 28 57
5 30 2
0 22 69
0 78 36
0 19 44
4 27 70
2 65 48
0 17 31
4 50 29
5 36 75
0 27 61
4 71 27
4 26 43
5 4 75
5 46 72
3 53 65
0 38 71
5 25 51
3 55 45
3 54 8
0 20 43
0 74 43
5 50 71
5 36 17
3 39 63
5 41 29
0 6 35
4 38 24
0 50 10
4 76 54
3 76 37
5 64 36
2 79 10
0 17 38
2 8 41
5 23 34
5 64 51
5 67 62
2 51 54
2 5 25
0 2 48
2 31 80
4 11 25
3 44 34
4 50 64
4 39 13
5 9 65
4 31 6
5 2 40
0 79 56
5 3 34
5 39 34
4 51 58
0 58 26
0 37 32
4 26 55
0 10 26
5 74 40
5 47 42
4 67 46
4 45 21
5 24 49
0 11 33
0 53 4
5 41 66
5 46 20
2 71 80
2 52 48
0 55 40
3 53 39
5 13 75
0 1 35
5 24 38
2 67 41
0 26 70
0 46 68
0 8 58
3 30 62
1 43 55
3 42 69
2 34 55
5 46 75
2 45 72
1 69 40
0 25 73
2 37 51
5 46 24
4 34 6
4 15 30
4 75 55
5 0 34
2 73 72
5 60 20
4 49 54
5 28 39
4 13 42
3 66 55
2 79 4
2 70 48
0 13 36
5 80 14
5 6 63
0 13 34
0 80 64
2 69 71
5 0 49
3 64 78
3 25 71
4 65 18
5 66 37
4 40 12
2 44 25
5 50 65
5 28 56
5 27 59
0 4 64
2 59 53
2 69 7
4 75 22
4 57 70
0 57 38
4 34 60
5 13 73
4 10 80
2 62 76
5 54 43
2 11 80
3 47 40
4 31 53
5 53 64
0 64 41
5 6 52
3 80 65
5 59 34
4 34 77
5 25 46
0 65 28
0 63 26
5 54 42
5 80 57
0 65 53
0 80 59
5 41 18
5 46 79
2 31 47
0 53 22
5 14 69
0 45 24
2 15 60
0 27 50
4 69 75
5 0 40
3 53 56
5 31 69
0 57 63
3 10 65
5 64 57
4 34 46
5 35 18
3 80 26
3 47 74
4 64 42
0 38 18
2 28 43
4 55 80
5 47 3
4 8 29
5 25 75
2 17 36
3 71 45
2 20 25
4 56 44
2 63 25
0 61 38
0 13 29
3 43 59
3 46 55
0 21 7
5 12 34
5 18 49
4 0 60
5 50 27
4 31 66
5 76 61
4 72 60
5 68 56
4 2 80
5 54 75
4 7 47
0 37 74
0 71 41
4 37 18
3 35 27
4 69 8
0 30 37
5 21 40
5 4 39
2 34 36
4 49 66
4 7 30
0 45 58
2 24 54
0 42 27
5 53 36
0 67 47
4 48 36
2 40 33
2 39 47
0 47 18
4 5 36
2 75 47
0 32 13
0 30 46
0 75 27
0 20 80
5 48 62
0 39 33
5 66 50
4 50 60
0 10 72
3 64 69
2 70 30
5 55 26
4 76 41
5 39 73
4 57 35
5 54 29
0 30 9
5 53 12
2 2 42
3 38 45
5 42 7
5 64 6
0 32 72
5 61 8
2 56 48
0 61 13
2 51 48
2 41 47
4 27 78
4 31 51
4 76 36
4 4 47
0 61 1
5 15 62
5 29 5
0 1 43
4 56 80
0 77 48
2 8 30
5 43 29
2 33 7
3 80 63
3 50 38
0 51 29
4 31 64
2 63 36
2 66 42
5 29 23
4 40 27
3 36 27
3 47 0
2 55 46
4 8 61
2 64 25
5 60 16
5 68 60
4 63 48
5 25 9
3 31 65
0 54 28
3 32 73
5 68 2
0 77 60
3 68 34
4 72 35
3 62 69
4 38 50
4 45 78
2 23 64
2 27 55
2 69 28
4 33 79
4 55 41
1 65 37
2 67 36
0 17 4
5 17 34
4 11 60
4 53 41
0 5 80
5 28 62
4 65 30
4 74 25
0 36 30
3 48 56
5 71 40
5 5 40
0 24 71
3 28 33
4 62 52
5 77 45
0 10 44
2 34 38
5 72 31
5 13 19
0 5 70
5 54 2
2 78 60
5 73 45
0 18 71
2 40 79
0 47 31
0 51 76
4 36 64
5 68 54
5 16 45
3 41 64
0 64 17
3 64 56
2 14 42
4 10 68
4 18 66
3 71 62
0 20 31
2 71 60
4 10 30
0 25 56
5 48 17
3 66 64
2 75 36
2 28 35
0 71 0
0 44 1
4 40 19
5 41 74
5 25 4
5 67 48
3 35 5
0 10 70
4 15 32
0 35 19
4 40 17
5 72 33
5 7 31
5 68 49
3 28 45
3 16 37
5 76 12
1 80 42
5 36 55
5 64 77
4 14 67
5 68 18
5 6 38
3 60 55
5 30 13
5 42 25
0 31 60
5 7 37
3 60 45
4 72 41
3 48 34
3 15 49
5 68 39
4 21 64
5 25 66
4 73 70
4 34 57
4 45 26
5 44 77
5 3 45
2 14 53
4 0 41
3 25 18
4 1 13
3 49 45
4 74 35
4 36 80
5 73 40
0 48 68
5 25 27
5 41 11
5 52 63
5 8 69
5 14 34
2 49 71
4 62 48
0 39 69
4 50 54
0 16 32
4 39 78
5 1 45
4 22 54
2 49 29
5 39 59
4 8 68
0 0 64
4 21 41
3 72 51
2 59 35
0 39 80
5 64 79
3 66 58
5 31 38
2 20 30
5 72 57
5 60 46
0 0 52
3 30 50
5 78 44
0 6 34
3 54 41
0 29 58
2 50 47
3 67 31
5 30 17
5 22 39
0 73 6
5 32 71
2 69 35
0 27 60
4 40 14
4 58 46
4 5 55
5 64 32
2 69 41
5 16 31
5 41 17
4 49 18
4 26 78
0 16 3
5 80 67
5 55 51
4 33 0
4 58 53
5 43 26
5 50 75
4 39 71
4 76 53
4 22 47
3 13 79
4 9 42
2 59 76
0 37 31
0 51 64
0 7 57
4 62 10
4 79 64
0 52 56
5 54 26
2 6 46
4 12 53
0 51 12
5 72 52
4 57 42
4 59 22
0 1 78
4 57 4
4 5 78
0 76 29
5 43 17
3 10 34
2 45 63
1 35 66
4 14 55
0 78 13
2 40 80
4 69 19
2 73 29
0 70 77
0 67 6
5 41 28
3 36 50
0 55 4
0 45 25
0 3 78
5 47 68
0 3 51
5 44 56
0 67 79
1 63 62
4 46 25
2 44 43
0 29 19
0 64 18
0 80 66
5 30 10
0 46 6
3 41 57
3 28 49
3 76 75
5 29 59
4 75 35
5 13 27
5 31 37
2 49 7
3 63 49
0 11 63
4 23 48
0 34 22
4 27 80
1 55 67
5 68 9
4 14 66
5 32 70
4 56 35
5 35 20
4 40 55
0 42 29
0 60 50
5 66 16
5 78 59
4 69 14
5 78 5
4 57 22
5 19 69
5 78 26
4 1 30
2 34 51
5 29 51
4 13 47
5 13 37
4 40 8
3 46 3
0 61 73
0 32 10
0 40 78
0 44 14
5 73 34
4 73 2
4 40 5
0 61 4
4 52 10
4 52 27
4 40 69
1 50 44
5 80 45
4 12 35
2 62 16
2 78 42
1 31 62
3 25 76
3 66 48
2 59 50
3 28 65
2 64 66
4 23 67
0 19 65
0 60 49
2 77 58
5 66 72
0 19 41
0 31 0
4 45 11
1 53 32
3 80 34
5 10 62
3 30 78
5 7 65
0 39 72
4 16 46
5 42 72
5 2 45
4 11 66
5 67 37
4 14 48
4 38 52
0 77 64
4 3 60
4 29 64
0 2 31
2 40 10
4 15 36
3 44 65
2 40 24
5 22 27
2 38 46
4 15 64
0 17 27
2 59 46
4 20 41
0 33 10
3 42 46
0 55 42
0 27 53
0 45 31
5 70 75
2 67 66
3 70 63
5 44 49
5 13 56
4 77 39
4 71 7
5 26 34
4 23 36
5 54 44
0 67 74
5 54 51
4 45 23
4 45 12
4 28 48
2 76 66
3 30 67
5 66 56
4 63 42
5 74 69
5 46 11
0 71 9
5 48 5
0 75 7
0 67 15
4 56 4
4 61 76
5 17 45
4 50 80
2 29 36
0 26 38
5 64 5
2 78 53
5 35 16
4 72 66
0 35 75
0 13 52
5 60 48
5 20 73
2 43 60
4 59 64
3 32 34
3 29 63
5 4 57
4 10 54
0 68 78
4 28 76
5 30 1
4 34 62
5 41 9
5 65 45
4 45 5
4 73 13
4 27 58
4 73 4
5 36 78
5 68 61
0 32 74
4 69 5
4 5 43
5 35 64
5 32 21
1 45 34
0 74 33
5 19 40
5 47 13
5 11 69
0 67 72
2 35 30
2 45 51
4 65 79
0 56 49
5 18 37
0 39 76
0 55 75
5 15 37
3 4 62
0 3 71
5 5 34
3 30 31
5 58 27
0 4 26
3 46 44
0 55 24
4 66 25
3 41 24
3 76 62
3 47 43
4 34 2
5 36 3
5 75 40
4 63 24
4 3 36
5 7 77
5 30 22
2 34 13
1 49 33
2 52 64
5 7 49
4 34 3
0 80 33
5 10 52
5 67 45
2 49 70
2 14 32
4 40 59
0 77 11
0 10 60
4 40 57
5 46 31
4 62 15
3 70 40
4 69 2
0 15 39
0 57 29
5 47 30
4 22 80
2 11 68
2 23 53
5 46 33
4 49 37
5 6 62
0 39 17
5 66 74
3 64 49
4 77 4
0 29 68
4 69 59
4 16 35
0 39 8
4 14 29
4 17 54
3 60 17
5 22 75
4 11 41
4 69 39
5 22 33
0 48 72
3 54 12
0 66 61
5 7 51
0 33 40
2 17 42
4 19 68
5 66 2
0 40 35
2 38 44
2 14 60
0 18 62
4 49 65
4 63 38
2 17 60
3 22 62
4 27 13
3 68 0
5 24 79
0 20 67
5 20 40
5 36 8
4 77 44
3 42 24
0 67 7
4 21 46
5 54 7
4 40 1
3 70 52
4 14 43
4 73 27
2 49 48
0 67 33
0 79 39
5 35 11
3 46 28
0 48 15
2 51 78
3 49 34
0 67 21
3 42 56
4 8 55
0 37 78
5 48 23
0 28 41
0 43 76
0 0 32
4 1 47
5 64 24
2 34 54
5 30 19
0 59 15
5 62 37
3 47 36
2 45 6
4 40 21
0 76 10
5 80 7
0 27 3
5 9 37
2 33 66
4 33 4
4 69 73
0 69 49
0 43 58
0 35 10
2 3 80
5 60 74
4 49 9
0 45 35
1 46 35
4 60 66
5 22 59
2 73 43
5 68 52
5 61 33
5 17 40
2 32 80
0 16 57
0 46 63
4 39 4
0 78 16
2 78 32
4 69 12
0 22 36
5 30 60
5 72 58
0 47 16
3 7 40
4 40 72
5 54 25
2 34 70
0 19 67
0 32 1
5 64 61
5 46 16
5 16 33
4 76 32
5 7 59
4 49 36
5 74 45
4 45 75
5 70 27
4 0 80
2 45 76
3 47 66
4 79 36
5 54 48
0 68 74
0 37 66
3 32 40
3 25 8
4 1 54
4 77 7
4 69 45
0 76 16
4 23 29
0 32 19
0 58 48
0 71 34
2 43 46
0 74 36
0 50 78
5 71 77
0 18 77
4 19 47
3 47 14
5 27 39
3 30 51
5 47 41
3 32 23
5 47 80
5 66 45
4 22 42
4 69 21
0 23 70
2 26 25
5 80 38
4 31 70
2 32 54
2 62 32
4 37 0
5 41 0
0 48 35
4 58 36
5 70 56
4 33 9
0 10 43
3 67 69
4 61 36
5 0 65
5 40 45
5 24 62
5 25 11
2 35 54
4 34 37
4 77 27
4 31 15
3 62 45
0 7 48
5 7 27
5 54 15
4 17 48
5 53 61
5 60 11
5 15 52
5 68 1
5 14 45
4 18 46
5 76 38
5 19 45
5 72 70
4 69 48
2 73 50
5 57 45
2 43 66
2 63 55
2 40 39
5 77 34
5 11 40
3 41 55
5 60 40
5 66 20
4 67 55
2 63 54
5 64 15
5 53 79
3 42 34
5 36 24
0 17 46
5 60 9
5 64 3
0 27 6
2 46 30
5 7 39
5 36 6
0 61 63
4 76 64
5 8 40
5 1 40
4 45 14
4 45 3
0 43 64
0 11 67
5 22 73
0 54 49
4 7 42
5 13 69
2 64 47
4 73 11
5 25 31
4 6 53
2 51 50
4 73 22
5 61 37
0 1 60
5 76 21
5 56 45
4 45 20
4 73 39
3 72 59
5 53 24
2 38 27
4 40 56
4 37 68
3 60 79
4 73 7
3 66 57
5 51 31
3 48 71
5 54 30
5 44 75
5 41 16
0 8 38
4 45 77
0 24 39
4 59 39
0 10 48
4 34 75
5 55 5
0 51 18
2 56 25
4 16 41
0 75 11
4 8 47
2 15 46
3 32 51
4 7 80
4 78 67
4 4 25
0 27 26
4 40 74
0 9 64
5 43 8
2 34 41
5 75 45
5 67 26
5 66 9
4 12 64
4 79 53
5 66 11
5 36 21
5 23 45
5 36 61
5 48 8
0 27 25
4 25 30
0 24 27
0 3 47
4 27 4
5 80 19
3 39 38
5 10 38
5 29 17
5 48 26
5 47 25
5 51 59
4 33 61
3 25 78
4 31 10
4 43 68
4 13 30
4 17 29
4 73 71
0 36 7
4 45 19
4 34 59
4 1 25
4 40 3
4 56 70
4 21 32
5 58 51
5 29 26
0 72 1
4 37 9
0 27 44
5 60 8
5 50 57
5 42 1
4 69 17
2 55 47
4 51 13
0 24 67
4 49 61
5 39 77
4 19 54
4 61 32
5 55 33
4 4 80
4 34 73
3 58 49
4 49 79
4 21 53
5 0 37
0 12 67
2 78 41
4 33 18
5 4 51
4 31 36
5 47 23
4 8 48
4 16 66
4 50 76
5 21 34
5 53 76
4 4 42
5 32 3
5 6 31
4 38 10
5 13 71
1 42 68
5 70 57
5 68 7
4 20 60
5 80 25
4 7 54
4 40 20
4 19 42
5 47 4
4 39 16
4 52 15
4 24 64
5 22 57
4 79 32
5 73 69
4 60 25
5 64 21
4 69 3
0 72 26
5 56 40
4 57 72
5 80 1
0 67 3
3 22 40
4 38 6
4 77 16
5 30 7
5 76 28
5 50 56
5 25 1
4 2 66
4 74 60
5 64 58
5 54 10
4 26 68
2 5 41
5 79 49
4 59 71
5 4 56
1 41 60
0 51 0
5 25 2
4 69 57
5 55 14
2 5 66
4 1 68
4 8 67
4 11 46
4 69 74
5 27 77
5 4 27
4 75 50
0 7 78
3 42 51
4 50 72
3 4 40
5 32 6
2 20 68
5 2 73
4 73 51
5 79 33
4 17 55
5 53 3
0 56 33
4 34 19
5 76 70
4 4 68
4 12 32
4 65 9
4 18 41
3 67 38
4 34 17
4 27 7
4 4 30
5 47 7
4 27 22
4 59 27
5 19 34
5 2 69
4 17 67
4 59 7
4 77 51
4 34 14
2 40 67
5 4 77
4 23 55
5 58 79
4 19 80
4 57 44
4 73 16
2 21 47
4 58 32
5 24 31
4 40 75
5 67 23
4 5 48
5 55 8
5 72 50
4 10 42
5 13 1
4 22 30
5 32 79
5 25 41
5 15 38
5 8 34
5 36 76
1 28 50
4 70 76
5 11 34
5 68 13
5 67 17
5 11 73
4 51 4
5 36 58
5 22 77
4 31 24
