3 1 2
3 1 16
5 1 21
3 1 24
4 1 26
5 1 33
5 1 62
3 1 72
4 2 4
2 2 9
4 2 15
4 2 22
2 2 26
4 2 28
2 2 30
4 2 32
4 2 40
4 2 42
4 2 43
4 2 45
4 2 51
4 2 55
4 2 68
3 4 46
3 4 61
3 4 66
3 5 16
3 5 21
4 5 26
4 5 30
4 5 43
4 5 45
4 5 58
4 5 63
4 5 80
3 6 16
5 6 21
5 6 31
3 6 33
5 6 36
5 6 41
3 6 46
3 6 62
5 6 73
5 7 36
5 7 73
3 8 36
3 8 73
5 9 24
5 9 36
5 9 61
5 9 66
5 9 73
3 10 62
3 11 21
4 11 30
4 11 43
4 11 45
4 11 58
4 11 63
4 11 64
4 11 78
4 11 80
3 12 21
5 12 24
5 12 33
3 12 54
5 12 62
3 12 70
5 12 72
3 13 36
3 13 73
4 14 30
4 14 80
5 15 31
3 15 61
3 15 66
2 16 32
4 16 39
4 16 42
2 16 43
2 16 45
4 16 54
4 16 58
4 16 63
4 16 65
4 16 79
3 20 35
3 20 36
3 20 73
4 21 23
2 21 32
2 21 39
4 21 42
2 21 43
2 21 45
4 21 54
4 21 58
4 21 63
2 21 65
4 21 67
4 21 79
3 22 36
5 22 66
3 22 73
3 23 31
5 23 36
3 23 41
5 23 73
4 24 26
4 24 28
4 24 30
4 24 43
4 24 45
2 24 55
4 24 58
4 24 68
4 24 80
3 26 38
5 26 46
5 26 48
5 26 50
3 26 54
5 26 67
3 26 70
5 26 72
5 26 76
3 28 66
5 30 31
3 30 33
5 30 36
5 30 44
3 30 49
5 30 66
5 30 73
4 31 38
4 31 43
4 31 45
4 31 55
4 31 58
4 31 63
5 32 62
4 33 39
4 33 40
4 33 47
4 33 58
4 33 63
4 33 65
4 33 79
4 33 80
5 35 36
4 35 64
4 36 38
4 36 43
4 36 45
2 36 47
4 36 51
4 36 52
2 36 58
4 36 59
2 36 63
4 36 64
4 36 78
2 36 79
3 38 61
3 38 66
3 38 73
5 39 62
5 40 62
3 40 72
4 41 57
4 41 65
4 41 80
5 42 62
5 43 62
5 43 66
3 43 73
4 44 45
4 44 80
3 45 49
5 45 62
5 45 66
3 45 73
4 46 65
4 46 79
3 47 62
4 49 80
5 51 66
5 51 73
3 52 73
4 53 80
3 54 62
5 55 66
5 58 66
5 58 73
5 59 73
4 62 63
4 62 65
4 62 79
5 63 73
3 64 73
4 66 68
4 73 78
