4 0 56
5 0 61
4 2 25
2 2 51
3 4 14
3 4 21
3 4 32
3 4 36
3 4 42
3 4 49
3 4 73
3 6 61
5 7 36
5 7 58
4 8 37
4 8 41
4 8 45
4 8 57
3 9 52
3 9 58
5 9 61
4 10 60
3 10 61
4 11 30
4 11 51
3 11 52
4 11 54
4 11 79
3 12 49
3 12 61
5 13 42
4 14 51
3 17 21
3 17 29
3 17 36
5 17 42
3 17 49
5 17 73
3 19 36
5 19 39
5 20 36
5 20 49
3 20 58
5 20 61
4 21 30
4 21 37
4 21 41
4 21 44
4 21 45
2 21 51
4 21 54
4 21 57
4 21 79
3 22 24
3 22 32
5 22 52
5 22 58
5 22 71
3 22 80
3 23 61
4 24 45
3 25 36
5 25 42
5 25 49
5 25 61
4 26 38
4 26 51
4 27 51
3 27 61
3 27 73
3 28 39
3 28 49
5 28 61
3 29 39
4 29 51
4 29 79
5 30 36
5 30 42
5 30 52
5 30 72
4 32 34
4 32 51
4 32 60
3 32 61
4 33 56
3 34 58
5 35 36
5 35 58
2 36 37
4 36 51
2 36 54
4 36 56
4 36 69
4 36 78
3 37 52
5 37 58
3 38 49
5 38 52
5 38 58
3 38 61
3 38 75
2 39 40
4 39 44
4 39 53
4 39 70
4 39 76
5 40 49
5 40 61
3 41 42
5 41 49
5 41 58
3 41 73
2 42 44
4 42 45
4 42 57
5 44 58
3 44 71
5 44 72
5 45 49
5 45 58
3 45 72
4 46 56
4 49 53
4 49 57
2 49 59
4 49 63
4 49 69
4 49 77
4 49 80
3 51 52
4 52 54
4 52 63
5 53 61
5 54 58
3 54 78
5 57 73
4 58 60
4 58 63
4 58 64
4 58 74
4 58 75
4 58 78
2 58 79
5 59 61
3 60 73
5 60 74
4 61 63
4 61 64
2 61 69
4 61 75
4 61 77
4 61 80
2 72 79
