5 35 0
4 16 41
0 63 13
4 49 64
4 65 60
4 62 38
2 64 68
0 28 78
3 46 51
0 41 26
2 63 71
4 22 47
4 65 25
0 24 40
3 31 49
3 46 5
2 58 54
4 26 32
0 38 53
4 52 36
0 11 49
3 78 75
2 49 15
0 43 80
3 30 15
3 42 45
4 49 65
0 64 48
2 71 29
0 62 72
0 35 40
0 45 41
4 23 43
0 35 23
4 34 76
2 33 72
0 70 19
0 75 35
3 47 69
0 62 27
4 33 71
0 35 19
2 65 28
4 62 36
2 17 41
0 62 68
0 29 68
3 66 59
4 6 41
0 36 74
0 73 32
2 78 80
2 14 66
0 48 22
0 65 24
0 59 24
0 25 45
4 37 30
4 58 46
5 46 34
3 70 63
5 77 40
0 20 67
1 54 47
2 14 32
0 17 76
5 35 14
5 4 73
0 31 37
4 17 32
5 53 75
0 20 31
2 45 65
5 78 67
0 38 50
1 39 71
0 15 49
2 33 78
3 47 24
2 33 27
0 76 65
4 62 13
3 68 48
0 68 9
0 61 68
0 68 44
4 31 70
4 67 54
2 69 35
3 44 69
0 0 80
0 37 60
0 68 26
2 49 80
0 68 31
5 79 40
3 29 69
4 63 46
3 25 23
2 71 41
0 54 17
5 35 65
5 68 39
5 29 51
4 31 15
3 46 63
2 27 28
0 43 13
0 49 70
0 46 26
5 30 17
5 2 69
4 55 68
4 69 41
4 50 25
0 61 10
4 31 6
2 59 53
5 54 21
2 56 54
2 57 30
4 31 52
0 45 33
1 34 45
1 43 29
3 50 65
2 0 30
5 38 34
5 47 54
5 64 39
2 15 41
4 33 68
5 35 78
4 39 70
5 54 77
5 66 52
0 34 58
0 74 42
0 72 32
4 65 53
5 4 77
2 34 30
0 62 37
0 35 38
2 6 30
5 41 12
3 32 63
3 66 58
0 67 36
3 53 14
5 68 25
0 46 80
1 70 28
5 6 45
4 62 22
0 15 39
3 16 31
3 42 78
0 35 12
0 14 36
5 71 59
4 15 66
4 69 3
2 34 7
4 11 25
3 32 52
0 1 61
5 42 25
5 80 20
3 16 37
0 29 79
3 25 5
0 68 52
4 72 60
5 62 34
2 65 44
2 51 50
0 70 77
2 33 16
0 8 70
5 25 27
5 53 59
0 78 45
0 25 67
3 22 34
0 9 31
3 35 70
4 69 77
4 34 63
2 33 48
5 60 14
0 53 40
0 58 63
3 54 66
0 28 23
0 12 51
2 21 66
3 32 5
4 37 35
4 27 78
0 42 58
0 71 57
3 54 60
3 42 9
5 65 49
1 44 50
5 6 37
2 26 80
2 33 76
0 26 38
3 80 64
0 80 34
3 32 50
2 36 46
0 39 46
3 68 21
2 65 80
0 41 75
5 57 34
0 54 29
3 29 34
3 28 37
0 68 33
5 66 18
2 51 53
4 58 80
0 19 61
5 15 31
0 68 38
0 48 28
0 51 54
0 28 79
3 42 31
1 43 67
4 33 4
0 50 62
3 80 67
2 23 32
4 77 60
5 72 38
0 37 13
0 13 29
3 30 77
2 50 32
1 42 47
5 47 77
0 67 11
0 30 45
5 15 38
0 63 42
2 65 10
5 72 49
5 4 38
3 22 38
2 69 44
3 25 21
2 59 67
0 76 43
3 50 59
0 25 44
4 34 37
4 62 16
0 71 24
5 42 22
0 46 58
4 18 42
2 51 67
0 25 57
0 26 63
4 37 52
2 45 15
5 28 62
2 14 30
3 60 51
0 75 71
0 5 42
4 14 60
2 69 48
0 55 49
0 21 41
4 65 13
4 69 26
4 77 22
2 49 58
3 64 70
5 51 31
2 34 36
0 9 62
3 67 39
3 25 31
5 54 28
2 76 66
2 44 43
3 70 59
1 48 67
0 80 33
4 17 48
3 80 65
0 70 10
4 40 3
2 51 25
0 38 64
0 50 80
3 68 0
0 45 60
2 17 68
0 32 74
4 52 22
4 8 46
0 40 0
5 52 37
5 70 45
5 35 77
0 47 9
3 27 34
4 6 68
0 17 31
5 53 37
4 45 55
0 56 36
5 22 65
5 11 34
4 78 25
5 66 31
3 53 38
4 26 43
0 29 4
0 46 15
2 26 36
3 60 59
3 22 33
0 29 53
2 40 70
4 38 52
5 42 75
0 47 15
4 52 62
4 23 80
5 67 14
3 42 53
0 36 66
2 73 36
5 58 34
0 66 45
1 68 80
2 34 65
5 30 73
0 72 68
2 69 49
1 35 66
0 15 48
3 36 59
0 16 80
0 35 50
0 32 67
2 33 62
5 71 39
2 37 68
4 77 30
0 3 71
3 47 53
2 52 43
0 38 4
2 70 32
5 33 40
0 44 77
0 68 37
5 62 65
2 52 4
3 41 37
5 51 40
5 62 52
2 53 80
3 44 62
0 27 41
0 49 60
2 61 47
0 31 8
4 22 30
0 42 59
3 68 57
2 17 25
4 31 7
3 54 9
0 47 43
2 65 78
2 45 36
2 3 54
1 28 44
0 17 38
0 36 31
2 39 29
4 0 35
4 19 54
5 36 77
2 31 25
3 80 6
0 18 62
2 38 39
5 64 32
5 10 31
2 6 47
2 49 10
2 9 42
1 41 46
0 50 54
3 29 75
5 76 39
0 61 42
5 35 15
1 54 42
0 57 27
3 80 40
3 54 65
5 47 0
0 67 30
0 1 66
2 23 54
0 29 64
0 11 54
0 80 41
4 79 66
3 64 17
3 38 45
4 2 54
0 43 12
3 63 33
2 32 30
3 35 26
5 79 45
0 59 43
0 9 53
2 12 47
0 39 17
4 33 46
0 62 28
0 52 78
2 58 41
0 69 39
4 34 46
2 45 44
3 35 5
4 71 16
0 78 19
2 33 64
5 44 59
3 54 46
5 42 70
3 46 12
0 32 37
3 50 33
0 43 22
0 16 69
4 6 46
4 69 59
5 27 39
2 65 62
2 23 64
3 54 33
0 73 52
5 10 34
0 35 73
2 34 6
0 18 51
0 59 6
3 60 44
0 44 5
0 51 66
0 44 32
5 74 45
2 14 41
3 68 20
5 32 36
2 49 51
0 67 3
0 28 52
5 57 69
5 32 71
5 30 79
2 49 78
0 16 28
2 11 30
2 23 42
1 40 69
4 69 45
2 39 78
0 47 21
2 73 47
4 14 47
3 35 36
0 24 45
0 44 16
5 13 62
4 45 70
5 30 58
2 44 36
2 49 72
2 34 47
0 22 29
5 47 18
2 65 30
0 17 22
2 70 46
4 67 47
0 43 75
5 47 64
0 16 30
0 73 66
0 41 54
2 45 58
0 32 46
0 68 56
5 47 10
2 49 29
0 44 31
3 64 52
3 68 2
0 50 10
4 37 24
4 40 18
3 68 79
3 7 40
3 30 61
5 24 65
3 72 51
3 66 51
3 42 73
4 4 42
4 44 72
3 46 50
0 75 36
4 27 16
2 3 41
0 45 79
4 53 36
3 36 38
0 37 67
5 48 63
4 31 42
0 80 56
3 62 69
5 66 26
2 37 39
1 62 63
2 38 22
2 45 66
4 39 51
3 47 34
0 9 32
3 29 50
2 33 41
2 45 51
3 68 29
2 51 70
5 54 69
5 80 59
0 69 72
4 45 25
0 24 73
0 28 60
3 68 6
0 72 34
5 46 56
2 38 43
2 40 10
3 7 38
2 33 51
0 80 21
5 10 65
2 49 25
2 29 66
4 52 66
3 4 62
0 65 19
2 37 27
5 48 23
3 80 48
0 62 11
2 51 47
4 44 60
0 8 10
4 75 22
5 42 16
0 28 17
5 29 48
1 80 47
4 45 8
5 74 34
0 37 6
3 70 27
4 71 7
5 41 72
2 59 29
0 68 16
5 66 72
2 69 16
3 42 3
4 43 78
3 54 5
0 38 54
4 49 16
2 65 22
2 45 13
4 68 30
5 47 26
4 65 33
5 70 40
3 30 31
3 7 52
3 16 34
0 49 62
2 48 35
3 66 76
2 27 36
4 72 35
3 80 11
4 38 13
0 15 45
5 47 22
4 75 47
4 77 4
3 53 65
4 52 24
4 26 42
5 41 8
0 35 67
3 64 49
4 17 36
5 41 53
5 47 41
2 52 47
0 29 15
0 43 45
2 59 35
0 31 78
4 47 42
0 62 46
3 32 34
3 13 52
3 80 60
5 15 63
5 47 13
3 30 69
4 52 13
0 80 55
3 10 69
4 26 47
4 32 54
3 66 21
5 18 49
4 21 64
5 80 2
4 73 60
0 7 31
4 59 42
4 33 10
3 60 33
4 27 13
0 20 63
3 64 77
4 59 7
4 14 80
5 46 2
0 12 78
5 30 14
2 40 72
2 8 30
4 73 41
0 10 79
3 16 40
2 27 25
2 34 52
2 55 60
4 74 35
4 37 72
2 56 80
3 41 49
4 40 26
1 67 29
4 69 58
3 4 45
5 41 11
4 52 76
2 51 64
3 80 79
0 38 78
5 25 36
0 34 9
2 36 68
5 71 37
0 23 30
0 65 1
5 68 17
1 35 46
0 76 45
3 50 38
5 30 62
4 48 36
5 59 45
5 73 40
0 1 79
1 53 64
4 2 80
4 56 35
0 61 67
4 27 43
0 69 38
5 8 34
0 40 68
5 68 11
0 67 51
2 45 49
0 46 54
0 37 50
0 71 9
3 4 34
4 39 22
5 76 27
0 70 53
3 72 39
0 30 71
3 80 29
4 57 36
0 10 35
0 74 49
3 41 36
1 36 64
4 66 80
5 3 40
0 68 74
3 22 31
5 47 67
2 40 25
0 39 65
0 52 8
0 10 49
3 7 33
2 31 80
3 78 73
5 70 49
5 72 62
2 36 41
0 58 35
0 54 78
0 42 55
2 33 80
5 53 31
0 70 14
0 33 47
3 30 43
2 41 42
4 58 36
4 15 80
3 53 51
3 48 50
5 67 37
5 47 4
0 0 34
5 65 45
3 13 37
5 35 16
5 64 44
5 66 32
5 72 31
0 0 62
5 62 33
4 60 68
4 40 74
0 7 48
4 2 30
3 38 33
0 50 63
0 55 50
4 69 9
0 48 6
5 47 71
0 3 29
4 49 6
2 15 30
0 74 33
0 77 43
5 49 69
0 23 47
0 39 35
5 41 64
2 23 53
3 44 51
0 8 58
2 62 41
0 67 34
0 8 63
4 63 52
3 51 45
4 69 18
3 47 55
0 6 40
5 13 59
3 67 27
5 80 49
3 54 62
0 74 48
2 77 35
2 45 29
3 67 69
4 69 4
4 53 32
4 78 35
5 39 77
5 67 48
5 35 6
5 60 31
3 41 27
4 72 66
5 80 32
0 8 32
5 43 73
2 37 46
0 59 28
0 3 51
5 29 63
5 6 52
0 39 33
5 42 67
5 36 70
5 46 61
1 52 63
0 69 25
0 79 42
3 66 12
2 71 48
0 30 76
0 48 13
3 53 27
2 21 80
5 43 5
5 46 21
2 65 58
2 23 36
0 69 46
3 32 49
3 42 74
5 78 55
0 54 20
2 37 63
5 80 4
3 65 40
0 75 53
5 30 1
3 54 44
4 15 54
4 60 41
4 69 34
3 32 27
4 34 14
5 68 53
2 40 31
5 46 20
2 29 36
3 46 64
4 79 68
5 30 65
3 76 31
3 64 50
4 47 68
2 45 6
3 54 41
0 67 24
0 27 21
2 40 28
0 63 7
5 9 40
2 12 41
2 45 9
4 37 76
3 53 39
3 66 3
3 58 59
2 70 54
0 55 6
0 68 43
0 45 62
2 23 68
4 40 47
2 56 42
4 76 46
4 5 53
5 25 60
3 58 49
1 51 27
4 71 13
0 32 62
5 54 8
5 56 45
4 29 54
5 30 5
0 40 79
0 77 64
3 44 49
5 29 62
0 63 47
3 41 51
2 59 47
2 34 54
0 38 32
0 39 0
0 46 33
3 42 8
5 42 27
0 49 68
4 8 42
4 20 54
5 47 62
4 58 25
4 37 53
3 54 50
0 51 75
5 66 5
5 72 69
5 80 66
2 40 54
5 56 40
4 57 64
4 78 68
4 30 54
5 63 49
2 52 39
0 45 71
5 5 40
2 16 25
3 68 71
0 36 23
5 64 21
4 55 41
3 47 70
4 76 36
2 59 72
2 63 51
4 34 15
2 75 67
4 51 7
5 4 75
0 40 46
0 0 38
0 38 25
2 70 68
2 39 36
2 37 32
4 35 68
2 37 43
2 38 44
0 42 65
5 78 49
2 52 70
5 60 29
2 33 7
0 30 46
2 39 67
5 54 76
4 72 47
3 54 59
5 42 21
2 44 47
0 35 64
2 36 80
4 40 17
0 27 75
3 41 58
3 53 45
4 21 46
5 66 14
0 15 73
4 24 35
2 55 54
2 59 66
0 16 29
5 80 27
5 53 57
0 77 47
3 16 62
4 63 16
5 50 44
0 46 44
5 47 25
5 36 26
5 50 70
4 69 73
5 11 69
3 80 16
3 71 62
3 13 65
3 35 44
3 60 62
3 42 63
0 42 26
2 71 64
3 36 62
2 73 64
3 80 36
0 43 71
4 44 78
3 4 52
0 11 37
2 8 47
0 77 46
5 66 50
2 5 64
0 60 40
5 47 5
0 61 30
0 64 45
5 48 70
0 50 16
0 54 39
3 44 40
5 6 38
0 10 48
4 14 29
4 70 50
4 59 46
4 62 31
3 47 73
5 11 40
2 15 25
4 69 20
2 52 16
0 30 56
4 57 22
2 45 22
2 27 64
4 32 47
2 39 64
3 41 33
5 78 48
4 75 54
2 0 47
5 68 54
2 50 67
4 5 54
0 41 71
2 31 44
0 64 75
5 27 59
3 54 55
0 4 37
4 60 47
5 60 72
5 68 61
4 13 54
0 7 69
4 9 41
3 66 36
4 24 80
4 48 64
3 30 64
4 6 80
2 15 42
5 68 7
0 19 44
0 79 67
3 66 70
4 69 36
0 79 51
3 68 35
2 55 47
4 33 70
0 14 25
0 46 71
0 54 34
0 31 43
3 24 49
0 57 42
0 66 29
2 71 72
4 14 43
3 25 8
5 35 55
2 45 64
3 60 50
4 45 42
2 27 50
0 40 65
4 63 38
0 36 69
5 59 69
0 68 78
4 19 68
2 8 35
5 54 49
0 61 44
2 74 47
2 18 47
0 55 25
4 74 41
0 49 34
3 68 62
3 53 67
4 40 15
5 78 52
3 76 62
0 49 73
0 33 13
4 40 9
5 68 19
0 48 68
3 36 65
4 27 70
3 36 73
5 70 33
0 10 72
0 40 71
2 34 78
4 67 53
5 25 58
3 25 34
5 78 59
0 73 61
5 71 33
4 4 30
4 69 1
5 25 37
0 67 41
4 45 24
2 52 71
0 35 69
4 70 48
3 32 65
0 14 35
5 60 26
4 40 64
0 54 6
0 59 70
0 63 44
5 46 9
3 54 36
4 56 41
5 80 57
3 46 57
0 5 28
5 10 45
4 37 0
1 42 68
3 46 27
4 69 8
4 34 20
3 54 15
0 34 62
0 56 37
2 75 30
4 31 63
4 44 68
4 78 46
4 70 72
4 78 66
5 47 1
4 51 22
5 76 33
2 45 38
0 40 51
5 64 27
0 58 45
3 41 23
3 43 28
4 25 47
1 42 30
3 64 34
0 66 15
0 15 71
2 28 32
2 62 67
0 68 34
3 35 21
3 80 72
4 27 4
5 46 67
2 69 13
4 59 4
0 27 60
4 57 35
5 16 71
5 42 64
2 3 46
0 45 7
4 7 54
3 50 37
5 25 51
5 25 0
2 5 35
0 41 19
3 46 65
3 42 23
4 69 28
0 28 53
5 67 52
3 29 27
0 52 26
2 69 32
0 68 45
5 55 45
0 35 37
4 34 5
4 39 53
3 47 52
3 44 71
4 69 50
3 30 21
4 69 5
5 48 59
5 66 16
3 15 33
4 31 68
2 37 29
2 17 47
0 33 67
2 77 68
5 32 45
0 47 66
0 66 34
5 34 40
3 4 49
2 37 71
4 76 25
3 47 40
5 72 33
0 38 73
5 6 49
2 70 29
5 42 77
0 43 54
3 42 62
0 28 14
3 65 34
3 72 37
0 36 48
0 22 45
0 36 55
5 43 48
2 27 66
2 0 54
2 75 78
5 9 69
4 69 30
1 36 32
0 52 55
3 58 33
0 51 0
5 68 27
3 80 39
5 5 34
4 18 41
3 25 39
3 67 75
5 33 45
0 79 63
1 80 30
5 36 34
4 70 47
0 27 69
4 70 35
2 31 4
5 80 12
2 40 22
2 34 13
3 54 16
0 7 49
5 48 5
2 49 50
4 20 66
2 65 50
5 42 19
0 53 69
0 2 52
2 36 42
2 50 53
3 64 38
5 45 40
0 79 39
5 24 38
4 43 47
0 52 58
0 63 39
4 15 47
3 42 35
4 65 4
4 69 27
5 56 34
0 47 78
3 47 57
0 6 73
2 48 41
3 18 40
4 40 29
3 24 69
2 71 28
2 45 50
2 34 66
4 64 35
0 53 41
0 42 14
0 26 64
4 37 16
0 43 69
3 60 77
3 25 48
5 47 31
2 51 30
3 41 21
0 70 5
0 10 66
2 61 80
5 27 51
0 67 56
4 54 68
2 11 42
5 32 21
0 7 44
3 47 50
2 33 53
5 47 6
3 54 70
4 63 53
2 62 48
0 48 76
3 68 15
0 42 2
2 48 47
4 50 78
0 76 29
3 42 72
4 21 53
4 51 4
3 71 34
4 75 46
2 15 46
3 4 69
0 27 3
5 36 5
3 28 71
3 54 40
4 5 66
5 63 31
3 78 77
0 26 28
4 69 55
3 80 5
0 28 69
0 43 2
0 16 54
3 29 38
5 66 38
2 17 80
3 38 69
4 17 43
5 10 38
2 49 38
3 30 66
4 69 47
3 80 0
0 43 46
3 47 60
3 46 43
5 54 38
0 55 38
5 25 64
3 46 37
4 45 34
4 12 35
0 10 26
4 80 68
2 52 64
4 45 16
2 69 31
5 27 77
2 48 80
4 19 30
0 17 70
0 64 43
0 69 10
0 31 61
4 63 76
4 64 47
5 53 23
3 78 38
2 38 60
5 41 67
2 38 70
4 40 78
0 18 34
0 69 54
4 40 33
4 71 43
4 79 35
0 23 66
3 7 37
4 2 46
4 37 79
0 15 34
4 21 68
2 31 22
0 59 80
4 62 76
0 1 32
0 6 67
4 42 54
4 47 80
2 49 71
3 32 44
2 63 58
5 49 33
0 71 50
4 79 47
2 32 66
0 24 29
0 76 34
5 54 37
3 54 52
2 49 36
0 61 13
4 77 42
5 7 77
4 33 0
0 12 68
0 9 80
4 44 25
3 47 76
4 34 64
2 39 28
0 60 75
4 18 68
5 30 18
4 8 54
0 10 36
0 47 12
0 8 22
3 64 67
4 62 32
0 25 40
2 45 61
3 44 27
2 49 54
5 53 63
5 78 44
0 18 38
4 39 76
4 57 13
5 64 29
0 24 30
2 39 54
5 51 63
5 35 74
4 51 80
3 53 70
3 68 8
4 34 26
5 46 6
4 77 51
5 32 38
4 27 80
0 28 51
5 4 59
0 71 38
5 80 7
0 52 18
4 52 29
4 20 68
2 52 44
2 48 25
4 71 25
3 41 69
5 22 59
4 23 29
3 54 18
5 6 34
0 13 55
3 27 65
5 29 73
4 5 48
2 40 42
2 59 58
5 35 63
5 26 34
2 26 30
5 30 9
2 52 80
3 35 75
4 49 9
3 25 71
0 48 71
0 64 33
5 67 43
0 44 79
5 26 45
0 2 48
4 37 31
3 50 69
2 55 80
3 43 34
0 38 8
3 54 26
3 52 40
3 53 73
3 7 63
0 32 69
2 37 44
0 29 25
0 22 62
3 28 45
3 52 65
5 60 18
3 39 40
5 72 40
2 43 64
5 36 58
0 31 47
0 65 35
2 69 7
4 72 42
5 78 63
0 20 37
0 42 28
2 62 30
5 64 5
5 29 52
2 46 68
4 31 60
4 11 35
0 33 36
4 20 42
5 42 12
0 42 56
3 78 31
3 30 74
5 12 45
5 36 50
2 17 64
3 66 73
4 18 66
4 26 60
2 63 78
1 32 53
0 73 50
4 5 78
0 66 43
0 74 53
4 80 54
4 77 71
0 37 51
0 30 53
2 65 7
2 38 51
2 14 64
4 38 10
4 28 80
0 16 65
4 49 61
2 28 43
4 14 67
1 39 27
4 40 5
0 65 36
5 47 14
1 52 31
2 44 54
1 48 43
3 4 65
0 76 42
4 69 53
0 57 10
5 58 39
5 72 59
2 37 70
4 77 25
2 52 46
2 31 13
1 34 69
5 80 43
0 32 17
3 42 0
5 67 17
5 51 65
5 4 33
0 56 49
3 80 61
4 10 80
5 66 23
5 42 11
4 49 0
4 63 25
5 42 10
0 24 43
4 32 64
2 37 58
5 63 37
2 45 78
2 73 53
5 20 40
2 34 32
4 47 30
5 66 17
0 46 59
2 51 46
0 21 54
3 25 59
2 34 48
4 28 50
3 42 41
4 8 43
2 43 41
4 15 35
5 35 48
0 18 69
4 40 12
4 48 29
4 1 68
5 54 4
5 76 63
5 13 45
3 53 28
0 46 23
0 24 55
0 22 69
2 56 68
2 33 22
4 59 48
0 52 74
5 74 69
5 7 39
2 44 48
4 17 30
0 73 33
3 80 8
3 25 62
0 27 42
0 57 46
2 27 53
0 24 48
0 27 15
2 63 41
5 30 16
4 55 30
0 4 48
0 73 31
0 19 32
4 40 57
2 65 46
4 45 10
3 43 77
2 77 29
0 50 27
0 10 67
0 48 34
0 63 2
5 70 31
4 78 30
4 5 46
0 39 34
5 11 45
3 25 73
0 73 9
4 34 60
3 54 57
4 55 35
5 23 45
0 68 46
0 80 45
4 38 67
5 41 9
4 44 66
0 73 68
5 30 70
1 65 37
0 65 32
3 46 48
2 52 67
4 51 16
0 50 17
2 49 30
0 44 45
2 6 42
4 11 80
0 62 64
0 66 27
0 46 14
2 73 42
0 59 63
0 52 20
0 62 66
4 73 29
4 21 35
4 38 76
3 54 64
4 38 24
4 31 54
4 9 46
4 18 30
0 34 71
3 27 31
5 78 17
2 40 44
0 18 53
5 16 49
5 42 57
4 65 41
5 26 69
3 4 63
4 45 43
4 73 30
3 36 39
4 10 47
2 64 54
2 33 29
3 43 51
0 70 42
5 54 24
4 27 48
5 75 45
0 47 58
5 52 38
3 80 15
0 36 30
5 42 61
0 4 43
4 72 30
3 54 51
3 35 34
2 45 67
5 70 75
3 53 34
5 30 52
3 41 52
0 46 76
3 66 62
2 40 32
2 67 35
4 31 72
4 40 16
0 38 57
4 59 39
3 35 49
4 9 47
5 46 17
2 71 70
0 0 32
5 10 52
5 29 26
5 47 16
0 30 37
2 46 42
5 42 1
0 63 29
5 41 18
4 45 57
3 66 40
3 22 52
4 45 21
0 11 52
5 60 27
5 32 55
2 53 68
2 59 25
5 30 68
5 53 15
0 4 17
5 64 26
4 71 54
2 29 32
4 56 46
4 72 46
0 32 18
3 66 39
3 38 49
2 34 70
3 58 37
0 29 41
3 25 28
3 64 14
0 74 67
0 71 32
4 76 30
2 0 42
0 64 80
0 22 63
2 40 63
0 41 62
4 63 50
3 28 39
4 1 54
4 20 41
4 70 36
0 76 69
5 60 34
0 52 0
5 66 74
3 47 46
0 78 40
0 42 20
0 58 30
2 38 72
4 14 42
3 42 37
4 40 21
2 78 47
2 48 53
3 60 37
5 60 28
4 70 41
4 37 7
2 17 66
3 39 62
5 49 37
0 54 79
4 3 32
0 62 7
3 51 69
2 67 32
5 30 0
5 78 23
5 44 65
2 37 10
2 53 66
1 51 39
3 46 73
0 28 8
3 28 40
2 49 28
4 62 43
5 61 65
0 36 17
5 35 39
0 55 33
1 31 38
3 31 65
3 70 37
4 29 43
5 29 49
3 42 5
0 26 31
0 73 70
5 28 49
5 48 14
0 57 16
2 12 46
0 56 43
0 12 27
2 31 46
4 79 30
2 11 47
4 0 41
5 29 17
5 58 71
0 70 55
2 45 54
4 71 46
4 52 72
4 17 29
5 80 24
4 65 52
5 64 53
5 42 13
4 63 6
0 78 39
5 70 44
5 64 8
0 62 40
4 67 60
2 66 42
0 27 44
0 71 47
3 68 73
3 0 69
5 78 27
4 38 16
5 43 14
4 10 30
5 46 8
4 7 80
0 19 33
4 43 66
3 46 77
2 33 66
0 27 6
1 45 69
4 30 80
4 57 41
4 21 47
2 32 41
4 50 60
2 75 42
4 7 47
0 49 1
0 69 0
5 66 53
0 54 75
3 25 63
4 13 42
4 34 1
3 42 71
2 65 67
0 20 43
2 8 36
2 48 46
3 42 17
2 34 67
5 7 51
2 75 48
0 42 49
5 80 1
0 53 1
3 66 57
4 46 66
5 66 60
3 41 29
0 68 51
2 77 54
2 45 76
2 28 25
5 68 72
3 36 8
2 63 35
3 36 51
0 2 33
5 54 3
2 63 68
3 28 63
5 36 33
4 75 13
0 67 45
0 59 44
2 63 48
0 64 42
0 78 10
3 30 3
0 80 52
4 37 66
4 62 6
2 39 72
2 69 22
5 2 45
5 64 31
5 47 17
2 77 36
3 54 23
0 63 17
3 43 44
4 51 28
0 61 38
4 45 77
4 59 22
2 50 66
1 42 80
2 70 78
3 25 52
5 25 72
5 70 51
4 5 80
2 35 47
0 52 17
4 37 18
0 41 63
2 64 30
4 71 36
4 45 32
3 76 37
5 66 78
5 53 5
5 53 76
5 37 69
4 51 68
0 27 26
0 51 21
0 0 64
0 18 31
2 6 54
2 49 39
0 0 71
5 33 65
0 28 68
2 34 80
0 8 51
0 65 6
3 42 69
5 54 48
0 41 1
2 44 53
0 36 19
1 33 37
3 30 6
5 0 65
1 71 27
0 24 68
4 15 36
0 33 63
4 4 47
4 68 42
3 68 69
3 30 23
5 66 33
3 48 40
3 32 75
5 32 58
2 53 30
3 58 52
3 27 62
0 33 1
4 57 25
5 64 57
2 41 47
2 39 42
0 35 1
2 57 80
0 73 44
3 80 14
4 23 46
3 47 36
3 68 36
0 75 29
3 48 77
4 19 42
3 30 57
0 9 64
5 47 72
0 31 11
0 34 22
3 0 40
5 48 37
4 14 48
5 67 62
4 5 29
3 30 67
3 38 37
2 69 52
0 37 74
5 25 11
2 44 80
2 53 54
0 31 55
5 78 5
0 17 42
0 61 27
4 66 35
0 80 23
4 24 54
2 77 78
5 63 40
3 48 49
0 47 8
4 9 30
4 25 68
4 9 35
0 16 47
3 53 29
3 80 38
5 24 62
5 70 39
5 54 25
5 29 5
0 50 36
5 25 2
0 79 31
3 35 51
4 65 18
3 76 52
4 15 53
5 30 19
0 5 30
4 22 54
2 65 51
2 39 68
5 22 71
5 13 57
0 55 22
0 62 42
4 65 16
2 71 42
5 30 11
5 53 3
0 67 16
4 34 56
0 78 34
0 31 66
2 12 42
3 30 72
3 54 72
2 20 80
0 48 61
3 28 77
4 59 36
2 38 35
0 21 67
5 66 46
1 31 62
2 45 31
4 49 35
3 80 58
2 37 62
0 40 7
2 35 54
5 24 37
3 52 69
2 62 25
4 5 60
0 29 77
0 39 60
3 29 37
0 75 32
2 43 68
2 63 28
0 26 54
5 46 39
2 40 24
4 3 47
5 39 52
3 27 49
5 36 49
0 2 49
3 52 49
3 62 49
2 28 66
5 63 62
0 8 41
0 61 39
5 43 8
0 52 59
0 18 80
3 46 31
3 71 31
3 47 23
4 59 16
3 78 37
3 71 49
4 45 75
4 37 4
5 63 34
4 75 64
4 71 4
5 60 73
4 40 35
4 38 58
2 38 71
4 63 80
0 62 39
5 47 32
5 16 51
5 8 45
0 53 19
2 31 71
5 41 78
0 48 62
0 46 75
4 75 60
5 6 65
0 54 31
4 53 25
0 59 30
3 27 37
5 30 25
2 38 68
0 60 30
4 0 66
4 16 66
2 27 54
4 22 80
4 55 29
0 61 63
5 37 34
4 46 30
2 76 47
0 52 30
0 76 8
3 9 34
5 30 42
5 15 65
5 55 40
5 72 70
4 40 62
5 71 52
0 48 11
2 61 54
4 3 25
5 68 1
3 67 38
0 20 33
4 14 54
4 40 53
0 80 31
0 43 57
5 71 40
5 54 67
3 25 49
0 29 44
5 19 34
2 63 4
4 39 80
4 55 53
4 59 27
3 62 45
3 47 79
0 63 43
0 3 43
0 65 48
5 46 79
0 58 26
5 17 69
2 28 41
0 27 24
4 77 16
3 80 9
3 7 62
5 4 51
4 19 47
0 32 70
5 67 73
4 45 23
4 27 71
4 55 78
0 63 60
0 53 0
4 51 72
4 62 51
2 15 68
0 0 31
3 22 37
0 29 12
0 8 68
3 41 3
4 52 6
5 59 40
4 67 42
5 41 28
3 76 38
3 46 28
4 27 76
2 48 54
5 67 55
5 57 45
0 16 63
5 68 10
0 62 4
5 22 73
0 41 73
4 32 80
5 0 37
5 64 23
3 48 51
0 31 59
5 32 73
4 45 73
2 9 68
0 16 33
0 58 69
4 40 34
0 48 44
3 48 39
2 12 25
5 35 60
2 77 48
4 49 79
5 58 27
3 51 33
5 25 75
4 62 29
3 35 76
3 44 37
3 30 36
4 38 7
2 69 43
5 19 40
3 68 3
3 66 37
5 30 2
0 57 63
4 73 35
4 71 22
4 58 32
4 34 3
0 44 23
3 36 29
4 75 70
3 7 45
3 16 45
5 42 48
5 64 40
2 73 25
3 28 59
0 40 52
3 47 33
3 67 50
2 40 80
4 40 23
5 13 33
4 14 53
4 4 80
0 31 2
5 64 59
3 32 8
5 32 76
0 75 16
2 5 47
4 40 1
5 7 27
5 15 40
3 41 57
5 9 65
2 79 54
3 42 79
4 52 27
3 13 49
3 67 71
5 39 63
4 2 41
0 48 27
4 69 12
4 15 64
0 2 67
4 8 64
2 45 28
0 29 61
4 11 66
0 51 26
0 13 26
5 21 69
5 35 18
4 57 32
0 74 62
2 31 16
3 18 45
5 60 23
5 43 62
3 47 3
0 57 29
3 68 49
5 23 34
4 17 60
2 65 42
5 77 69
5 64 15
2 48 32
0 37 25
0 58 29
3 30 33
2 76 54
5 30 59
4 0 68
0 71 18
5 36 71
5 54 13
4 24 66
0 41 65
2 66 47
0 41 76
0 54 53
4 39 7
0 43 65
0 48 33
5 67 44
0 27 67
2 28 30
5 35 58
5 24 52
5 47 7
1 54 30
0 27 79
4 33 58
3 58 40
0 62 2
0 56 52
2 8 66
0 42 29
0 71 12
2 50 64
4 0 60
2 51 44
2 28 67
5 22 75
0 46 3
3 58 65
0 61 72
0 23 70
4 7 42
5 35 56
4 45 74
4 65 79
4 45 56
1 50 28
5 4 57
4 49 66
3 47 59
3 64 28
3 68 65
3 78 28
4 35 41
2 63 30
4 38 15
5 54 1
0 54 14
0 13 69
0 51 29
0 19 50
2 38 66
5 35 79
5 16 77
0 35 59
3 66 77
4 49 27
5 32 15
4 67 46
5 41 35
4 49 24
5 18 33
0 39 25
2 40 37
4 51 76
0 53 72
5 78 65
0 2 68
5 30 44
3 54 71
5 55 69
4 2 66
5 31 45
0 25 77
4 34 72
0 51 38
4 28 42
4 45 26
4 46 41
5 41 24
3 27 38
4 76 64
4 19 80
4 23 35
4 74 30
5 47 63
5 41 70
2 74 68
2 49 43
5 21 34
4 44 30
5 10 40
0 49 44
2 63 22
0 25 50
0 37 80
2 31 35
2 26 46
5 51 71
5 3 34
4 50 29
4 56 30
0 47 35
4 34 68
0 36 35
4 34 11
3 78 50
4 5 43
0 15 55
4 65 39
5 80 51
5 39 69
4 29 78
0 72 52
4 50 72
5 53 21
4 10 42
5 9 33
4 62 15
4 26 29
0 17 27
4 18 35
4 23 78
0 70 38
4 3 64
0 50 79
4 65 76
0 44 1
0 18 64
0 44 64
0 49 19
1 40 45
2 16 42
2 2 42
4 12 32
4 10 68
3 13 38
3 46 32
4 26 78
0 72 71
4 80 42
0 11 43
0 66 49
0 29 40
2 38 30
0 5 25
2 3 68
0 69 37
5 41 16
4 17 78
0 11 68
5 19 45
4 11 46
5 27 40
4 31 10
4 55 66
3 30 26
4 57 53
0 10 29
0 45 4
5 79 49
2 39 41
5 53 12
0 64 41
0 68 18
4 69 29
5 24 63
2 71 53
3 41 44
2 40 6
2 36 54
5 6 62
5 78 29
2 65 31
0 80 63
4 45 68
4 7 68
3 68 14
3 80 44
4 21 42
0 28 54
0 37 15
0 44 67
5 39 59
5 20 69
5 12 69
2 62 47
0 55 4
5 67 5
0 40 61
4 45 12
0 6 71
3 35 3
5 36 15
4 24 41
0 39 24
4 59 13
5 41 61
2 52 54
4 45 39
5 30 60
4 0 46
0 75 25
4 41 66
5 66 41
5 22 39
4 34 39
5 60 17
4 55 42
2 44 35
0 32 26
5 46 35
3 28 65
3 51 62
4 37 61
5 79 65
4 7 30
5 25 12
4 17 54
5 66 6
5 29 71
4 39 13
0 51 17
3 80 50
5 41 2
0 53 77
0 33 54
3 42 18
3 25 14
3 60 70
0 66 55
1 71 51
3 42 66
0 27 68
4 62 10
0 33 56
2 37 48
3 35 17
5 0 33
3 64 69
2 14 46
5 80 13
3 30 24
3 46 62
3 43 27
0 30 8
0 52 57
4 24 47
0 37 78
3 31 69
4 3 42
0 65 15
4 25 54
3 41 40
5 69 40
0 49 20
2 37 22
5 73 45
2 65 27
4 55 36
5 43 31
4 73 4
5 60 38
4 49 7
5 26 40
5 29 23
2 34 0
5 58 51
5 1 40
0 47 75
2 59 64
4 13 30
2 34 79
4 59 51
0 30 51
3 54 35
5 79 37
2 12 80
4 48 60
4 57 4
3 64 51
5 1 34
5 66 61
5 25 29
5 72 44
5 30 13
0 29 70
4 5 36
0 3 80
3 70 65
0 7 29
4 27 58
5 20 45
3 16 38
4 34 23
2 78 54
2 12 54
2 76 41
0 21 43
4 26 67
2 65 38
2 28 48
5 13 71
4 75 43
2 14 68
5 46 60
5 75 34
0 68 55
5 36 53
5 60 0
0 44 14
3 78 33
2 77 50
5 78 43
3 66 8
5 36 14
3 50 39
0 61 50
5 56 69
0 33 38
5 60 43
2 34 50
5 17 45
5 80 28
4 65 61
4 62 24
5 54 32
4 34 57
0 31 74
5 77 34
5 35 24
0 58 17
5 29 14
5 60 65
5 36 52
2 33 35
0 7 50
2 77 67
4 34 17
5 17 34
3 68 60
2 52 60
5 12 34
0 33 11
5 21 45
3 13 63
4 45 1
4 45 5
0 46 70
0 57 31
3 30 55
5 46 0
4 55 32
5 80 25
4 32 25
1 33 49
4 40 55
0 39 18
4 44 70
2 69 80
5 30 7
5 22 77
2 37 36
4 34 73
4 10 54
5 80 10
5 4 39
5 10 63
5 61 49
4 23 67
3 27 52
3 64 62
5 54 43
5 29 55
3 76 75
5 22 57
0 43 15
0 66 54
5 23 69
5 78 26
2 34 49
2 77 53
5 38 62
5 71 77
0 63 11
0 30 63
4 33 39
3 80 18
5 7 65
4 45 30
2 71 44
3 79 69
4 45 17
5 25 3
4 34 8
5 20 34
2 59 32
4 1 42
3 68 12
2 45 35
4 37 9
4 49 63
4 74 46
4 34 75
3 60 39
0 51 9
0 28 7
5 5 69
2 66 68
2 34 53
5 60 63
5 18 37
5 51 37
4 69 19
4 16 35
5 25 53
0 67 28
3 66 71
5 29 8
5 44 28
5 32 3
3 80 46
2 69 76
4 60 35
4 76 32
5 41 20
0 79 38
5 43 23
4 17 67
3 80 62
4 73 22
4 29 80
0 10 53
5 22 51
4 44 29
5 1 69
2 73 78
3 80 3
0 8 27
0 34 4
4 40 77
5 60 48
4 41 80
5 54 10
3 58 38
4 13 47
2 40 13
5 72 50
4 34 77
0 40 27
4 20 46
5 78 8
5 14 34
5 78 14
5 51 59
4 40 75
5 47 19
5 5 45
5 2 34
2 45 52
4 59 71
4 26 66
5 64 58
5 14 40
5 53 58
4 26 68
4 52 15
4 48 78
5 55 34
5 30 4
5 13 75
0 26 4
0 41 17
3 71 45
5 13 34
3 25 65
4 34 74
4 38 31
2 50 35
4 58 64
3 43 49
5 72 28
2 40 66
4 11 41
0 8 13
0 32 56
4 3 36
5 8 40
4 20 35
1 30 47
2 34 18
0 15 59
4 64 36
0 26 39
5 66 11
0 10 60
3 39 45
5 15 62
0 70 26
0 3 35
4 75 44
5 14 45
4 0 25
4 31 51
5 2 40
5 46 72
2 32 35
1 68 47
4 40 14
5 36 67
4 72 41
5 54 12
5 80 37
5 36 76
4 77 39
4 58 42
0 41 10
4 40 73
5 13 51
3 43 63
3 54 2
0 44 10
3 53 17
3 42 33
0 20 48
4 31 24
5 48 55
5 41 0
5 48 69
2 45 80
4 40 20
4 69 17
5 50 71
4 12 53
4 21 36
5 32 57
2 73 46
0 26 50
0 31 64
4 67 25
4 45 2
5 67 23
3 54 11
5 36 3
4 23 48
4 52 10
0 51 57
4 78 41
3 35 45
2 43 30
4 34 59
4 45 14
0 31 56
4 77 27
5 44 75
5 38 63
4 58 53
0 15 67
0 53 56
5 61 37
0 66 28
5 25 69
0 30 78
2 62 50
5 41 60
5 25 76
5 35 72
0 41 55
0 73 62
4 21 32
5 51 77
5 36 57
3 61 45
0 43 74
4 77 13
5 64 76
5 66 79
5 10 33
5 36 75
0 58 43
3 30 40
4 52 28
5 54 80
4 9 66
3 68 67
4 8 67
5 60 49
0 59 38
4 74 66
4 1 30
4 38 6
0 6 39
4 22 68
4 17 46
2 52 68
4 69 11
5 66 20
4 55 67
4 65 9
5 25 55
5 1 45
0 38 80
5 0 49
0 2 37
4 1 47
4 2 25
0 50 1
5 75 69
4 77 70
5 47 61
5 54 7
4 58 47
4 79 41
0 39 8
4 63 10
5 66 44
0 21 71
3 15 37
1 37 49
5 13 39
5 28 75
2 76 35
5 41 15
5 41 45
5 19 69
5 21 40
4 12 64
4 69 2
5 66 24
4 63 24
2 71 30
5 12 40
5 48 8
2 51 36
0 6 43
0 75 7
4 15 32
2 38 46
4 63 15
5 80 19
4 34 21
2 77 44
3 46 40
5 16 39
4 8 48
0 1 36
5 6 63
0 55 44
0 79 55
3 43 59
4 75 4
0 77 28
4 33 61
4 6 35
5 3 69
5 13 77
0 61 28
0 79 19
4 34 38
0 10 43
2 34 10
5 66 56
4 34 19
5 35 61
0 67 12
4 33 9
0 50 8
5 60 67
0 76 26
2 31 58
0 63 32
5 23 40
5 43 17
5 35 20
5 10 62
2 40 67
5 66 2
2 29 42
5 75 40
5 35 11
5 35 57
4 67 78
2 40 60
4 45 19
0 37 54
3 61 40
5 32 12
0 31 53
2 59 78
0 79 48
5 41 56
5 67 8
4 27 22
4 48 42
0 1 70
0 67 7
5 46 11
0 32 10
0 58 48
2 71 60
4 36 25
4 45 3
5 4 27
5 44 63
4 65 0
4 40 11
4 4 54
4 4 68
5 18 65
0 9 39
5 80 22
3 53 55
5 54 19
0 19 66
4 69 14
4 75 28
5 7 71
5 8 69
4 25 42
5 28 70
4 61 41
4 40 2
4 2 35
0 16 48
3 48 65
5 29 67
4 8 78
4 27 7
4 29 60
5 68 13
5 30 10
5 46 16
3 42 46
5 4 71
0 9 38
5 73 34
5 36 12
4 3 53
3 68 24
4 25 30
5 50 75
5 57 40
4 65 43
4 45 20
5 9 37
4 23 60
4 40 59
5 16 59
2 38 48
2 49 22
2 16 68
2 49 67
5 25 38
2 31 36
0 20 62
4 55 43
2 75 41
3 60 45
5 37 33
3 47 2
4 18 60
5 24 31
5 64 3
4 73 48
5 25 32
4 22 42
5 48 17
5 42 7
5 42 4
4 28 72
5 68 4
5 41 74
4 34 12
3 68 28
4 33 79
4 49 18
5 35 9
4 55 48
4 73 67
3 53 49
5 46 74
5 29 59
2 26 41
5 7 59
4 34 2
3 36 63
4 51 13
5 3 45
5 25 78
4 13 80
4 77 7
4 69 74
5 13 27
4 69 57
5 46 24
5 61 33
5 48 73
5 77 45
5 68 22
4 79 46
4 13 68
4 37 65
4 45 11
0 47 44
3 42 76
5 68 40
4 49 42
4 69 23
4 69 21
5 14 69
4 14 78
5 25 1
4 61 66
5 66 9
5 15 52
4 71 76
5 66 0
4 40 19
4 40 8
4 1 25
4 60 66
4 6 66
4 44 46
5 36 21
3 66 65
4 61 46
4 1 80
0 1 78
5 73 69
5 41 79
4 18 46
5 54 22
4 64 25
2 67 80
4 25 80
5 46 69
4 71 58
4 5 67
4 45 59
5 60 5
5 67 26
5 16 27
3 67 33
4 76 53
4 61 35
5 9 49
4 33 18
4 8 29
4 39 58
5 46 18
4 60 46
4 70 30
5 48 26
4 43 60
5 30 22
4 26 48
4 56 66
4 69 75
5 76 71
5 17 40
4 40 56
5 43 55
5 6 31
4 16 46
5 76 51
5 60 8
4 8 60
4 60 25
4 73 43
4 12 36
5 74 40
5 41 6
4 75 50
5 43 26
4 51 58
0 52 9
5 35 2
4 72 25
5 46 78
4 39 4
4 34 55
5 79 33
0 6 29
4 69 56
4 39 16
5 22 27
5 64 12
4 24 46
5 59 34
