5 47 23
5 60 76
0 7 69
3 47 77
0 49 7
4 31 47
0 62 11
0 62 65
5 41 60
5 6 34
0 56 68
0 65 40
0 25 65
2 48 66
3 30 52
0 68 52
5 32 65
5 53 29
5 54 22
5 54 78
2 71 46
5 62 33
5 36 21
4 9 66
3 39 52
2 49 80
2 65 22
0 50 61
4 31 61
3 35 61
3 61 44
4 18 41
4 9 35
3 10 33
0 68 53
2 27 25
4 34 63
4 3 54
2 49 54
5 26 69
4 69 4
5 60 11
2 2 68
4 50 67
2 39 80
2 71 25
5 76 50
4 50 76
4 69 12
3 43 71
3 31 40
0 8 52
5 80 43
0 54 76
0 78 7
0 56 76
3 67 37
2 40 13
2 15 68
2 61 66
0 37 76
2 6 35
3 36 37
5 52 69
2 52 16
2 11 54
1 29 78
5 68 34
4 75 29
4 75 53
0 4 53
5 68 27
2 17 47
4 39 28
3 7 37
4 63 51
1 50 28
5 80 6
4 33 49
0 55 40
4 38 78
3 29 69
0 0 31
4 21 47
0 40 79
5 44 58
3 28 34
0 52 22
0 80 56
4 63 43
4 5 64
0 9 71
0 78 57
3 32 63
0 53 0
0 53 38
0 29 49
0 37 60
4 14 67
0 77 29
4 75 43
2 26 30
3 66 6
3 78 52
3 64 43
2 38 48
5 61 6
0 65 35
1 61 32
5 4 77
3 7 63
1 66 35
0 44 64
2 6 42
3 32 50
0 3 78
4 18 66
0 18 71
4 48 78
4 65 39
3 47 72
0 17 32
5 43 31
0 48 58
2 40 33
0 44 23
2 37 32
0 21 27
0 21 16
3 61 59
5 44 45
0 34 78
4 22 47
0 22 48
5 60 77
0 28 40
0 29 6
4 52 72
3 30 39
0 63 29
4 71 36
2 71 64
0 68 35
3 4 37
0 12 43
0 7 31
2 67 61
5 76 36
4 33 67
5 43 56
1 50 44
0 45 6
0 48 69
0 22 6
0 48 11
0 27 52
2 34 32
3 80 5
0 10 36
0 10 43
4 79 55
4 58 48
5 50 79
2 61 46
0 12 60
3 22 69
0 38 54
4 79 15
0 55 15
4 45 65
3 47 37
0 70 76
2 65 27
5 70 40
5 74 69
4 72 60
3 46 71
4 3 76
4 31 80
0 63 57
5 27 40
0 56 43
2 66 54
4 63 10
4 69 21
3 43 63
5 29 75
4 12 68
5 78 37
4 45 39
0 16 33
3 48 52
3 13 79
4 40 47
2 69 70
5 41 56
4 30 54
5 54 15
0 64 8
3 76 59
3 47 48
3 42 71
0 32 25
2 55 54
0 25 51
4 34 60
3 68 61
0 80 65
0 57 36
5 35 38
3 51 38
0 62 0
0 65 45
5 4 33
2 27 67
3 54 21
0 69 49
2 8 35
0 33 68
2 57 25
0 44 79
2 65 78
2 56 53
2 59 78
3 30 16
3 64 63
0 20 43
2 63 80
2 8 61
5 42 19
0 21 51
4 40 0
0 48 74
3 68 2
4 65 10
5 32 75
0 44 49
0 53 37
3 55 65
4 79 46
5 36 48
2 2 30
0 79 19
2 45 28
4 42 80
0 17 52
5 47 21
5 80 4
0 25 29
3 30 50
0 71 24
0 67 1
0 57 31
2 79 25
2 48 30
2 57 53
4 29 61
5 31 79
1 62 38
4 14 47
5 63 49
2 75 67
5 67 51
3 47 46
1 54 42
3 7 52
2 62 53
4 79 44
2 49 46
4 17 67
0 35 1
3 55 71
5 41 64
2 55 41
4 31 6
5 7 40
0 29 54
5 47 40
3 25 26
2 69 46
0 60 39
2 31 58
0 39 6
2 78 54
5 78 55
4 33 16
0 11 79
0 42 20
2 69 16
4 14 29
2 49 63
5 35 66
0 78 22
0 19 66
0 46 59
5 16 73
2 78 25
2 70 25
3 51 33
5 60 18
4 38 50
0 45 16
2 59 48
0 39 69
4 49 68
4 3 46
3 25 28
5 47 33
2 26 53
4 44 50
4 9 42
5 80 41
0 36 80
0 52 2
3 16 17
5 41 71
0 39 8
4 62 52
5 66 52
2 51 48
0 74 31
3 41 73
3 50 49
4 44 72
0 44 61
3 30 0
0 58 38
5 42 73
0 68 62
4 79 64
0 33 22
5 15 37
0 11 67
2 49 78
1 49 37
0 6 46
3 64 34
4 79 58
3 53 17
5 54 5
0 55 13
4 12 61
3 58 37
2 40 6
1 78 67
3 68 51
4 28 60
0 58 33
2 40 30
2 16 54
5 65 49
4 58 80
5 34 40
3 66 37
5 36 49
0 37 61
2 58 64
4 51 30
5 35 45
0 45 60
5 13 52
0 35 59
2 52 54
5 66 33
3 68 11
1 33 37
3 25 14
5 51 62
4 58 44
3 35 34
3 68 6
2 50 47
0 10 66
4 58 70
4 71 58
3 35 79
0 24 48
2 5 46
2 50 78
5 53 73
5 30 22
0 41 12
0 68 74
4 34 77
0 7 65
2 26 68
3 60 6
1 61 76
4 16 42
0 68 24
2 73 80
2 67 80
4 31 51
5 29 59
0 22 55
5 54 69
3 66 70
0 61 45
4 62 43
5 47 60
4 34 48
0 59 47
0 65 48
5 64 24
0 64 31
3 41 78
3 7 34
4 0 66
0 79 41
0 53 72
5 41 26
0 80 67
4 73 30
0 0 69
1 46 41
3 52 34
4 53 68
4 60 25
2 20 42
4 49 27
5 42 70
2 55 47
5 61 3
3 47 73
0 77 2
2 33 61
3 61 38
0 37 48
5 6 38
2 64 47
5 75 69
2 49 62
0 62 34
0 40 62
4 74 46
3 70 71
2 3 66
4 28 54
3 22 31
0 68 72
3 67 39
3 53 67
0 44 25
2 40 41
4 77 35
5 55 23
5 66 15
0 31 66
0 50 10
2 49 32
0 56 33
2 64 35
4 73 43
3 55 79
5 77 69
4 62 4
3 46 64
3 30 24
4 67 46
4 33 38
0 35 14
2 34 53
2 51 50
4 66 46
0 43 76
4 11 60
0 36 5
0 18 32
4 15 32
5 32 15
3 42 8
2 58 42
2 79 80
2 0 42
2 66 47
2 23 64
3 68 56
5 16 65
5 41 76
5 51 37
5 13 63
5 42 23
5 35 74
4 45 15
5 64 33
0 48 28
3 53 79
3 42 34
0 26 60
0 67 35
5 30 65
2 67 32
0 19 61
3 80 28
5 47 15
0 14 54
0 63 2
0 54 75
2 79 22
3 66 79
4 76 53
5 78 29
2 59 55
2 43 80
2 69 10
0 26 64
2 29 42
3 54 24
3 76 43
4 79 31
4 52 64
2 2 42
4 38 68
5 48 65
3 80 48
3 27 63
3 42 29
0 43 72
5 51 31
4 33 36
5 4 69
2 5 42
2 71 55
0 47 58
0 72 30
4 18 47
4 59 80
5 25 57
2 65 46
3 76 5
4 62 66
0 67 45
2 38 43
3 67 73
2 31 42
0 30 36
0 44 7
0 35 63
5 30 43
4 4 42
5 80 19
4 28 78
4 31 63
1 64 61
5 54 17
0 20 79
0 78 31
5 27 59
2 38 64
5 43 48
5 44 31
5 76 38
0 20 68
0 11 52
3 42 60
3 66 45
0 2 33
5 53 78
0 35 40
2 37 38
0 5 30
0 32 69
4 34 68
3 60 55
2 52 7
4 69 3
2 76 60
2 40 10
1 55 43
0 2 48
0 17 39
4 34 12
5 49 79
5 48 14
0 78 49
2 63 48
0 9 39
4 69 37
3 31 34
5 4 65
3 71 38
0 24 45
5 35 50
0 45 13
5 46 40
0 44 27
3 47 69
4 45 19
5 80 66
2 37 39
0 67 50
0 36 71
2 27 50
5 22 57
5 4 59
5 13 38
2 72 47
4 17 46
2 15 35
0 35 36
5 54 10
2 61 60
3 70 38
5 16 45
5 12 34
0 60 64
4 21 60
5 35 3
5 60 2
3 35 5
0 58 52
4 27 41
5 25 71
0 54 34
0 77 9
0 25 31
4 26 66
2 33 31
2 48 36
4 11 80
1 62 63
2 40 58
2 78 61
4 40 15
4 59 72
0 72 62
5 80 3
5 25 53
0 14 44
4 0 68
3 54 35
5 53 27
3 64 52
3 25 16
0 71 28
2 44 80
5 64 62
0 36 16
1 30 42
3 39 63
4 55 29
4 73 58
0 78 19
4 77 44
0 72 10
5 68 73
0 8 58
3 42 79
0 18 62
5 3 45
5 70 59
5 25 46
3 25 61
5 66 32
5 78 48
5 44 70
5 63 52
5 13 34
0 21 35
5 3 40
2 31 78
0 27 43
2 78 64
2 75 80
3 80 79
3 70 52
2 79 60
5 39 51
5 30 7
5 68 33
5 80 54
2 76 41
3 48 70
5 55 34
2 55 35
0 18 39
4 65 62
0 33 7
3 44 33
3 4 45
2 70 41
0 8 68
5 70 37
4 45 17
0 79 42
0 31 71
2 24 66
3 0 34
0 64 49
2 62 28
3 25 67
5 35 15
5 4 73
3 30 58
5 67 43
0 5 60
4 60 30
3 25 34
0 46 17
4 13 42
0 26 50
5 32 53
0 38 59
0 30 61
4 77 53
2 58 53
0 17 58
5 80 55
3 32 62
2 45 38
3 36 38
5 46 69
1 70 44
1 32 64
0 12 78
5 78 58
0 25 36
5 30 51
3 39 49
2 33 60
0 76 34
2 57 30
5 66 51
5 23 34
5 68 20
2 34 61
0 64 13
3 68 31
0 72 67
0 37 51
2 9 80
5 18 69
2 23 25
0 77 20
2 72 54
3 30 64
4 31 70
5 47 0
2 69 66
3 30 59
3 48 79
0 32 67
0 44 68
5 68 3
0 28 8
0 63 25
3 76 44
0 70 46
0 45 10
4 78 66
5 70 33
4 51 71
4 62 47
2 57 54
2 56 55
3 25 73
2 31 54
0 78 4
3 30 48
5 72 40
2 64 60
2 8 25
3 76 63
5 10 34
0 61 72
3 22 38
2 32 68
5 4 38
0 34 13
2 65 52
2 34 52
5 41 28
3 76 57
2 63 22
1 49 33
3 13 65
5 4 63
3 27 31
2 51 78
5 32 61
4 52 30
2 34 80
0 63 34
4 71 32
3 48 49
4 69 36
0 79 28
0 36 33
3 58 59
2 63 42
0 76 17
0 39 61
0 69 44
4 65 31
5 13 19
3 76 75
0 40 53
4 20 41
3 43 77
5 36 14
5 18 49
4 9 22
0 76 14
3 4 62
4 65 13
4 29 43
3 9 40
5 56 69
2 28 48
3 66 76
3 80 16
2 75 47
5 32 44
5 25 1
0 60 36
0 7 36
4 27 39
4 73 13
3 28 39
3 66 21
2 73 29
3 47 44
0 29 62
5 36 70
3 49 69
4 52 58
5 10 69
0 49 10
0 53 19
5 25 11
0 73 70
3 42 16
0 56 66
0 63 50
4 5 36
3 48 50
2 69 43
0 23 70
5 30 6
3 68 36
5 80 1
2 59 30
2 52 47
2 70 30
5 28 56
1 30 68
0 8 66
0 1 49
2 52 28
5 79 65
2 37 64
5 29 70
0 40 64
0 52 65
2 49 16
5 48 26
2 28 32
0 34 66
4 69 31
5 54 38
5 16 38
5 30 5
4 35 68
0 64 59
3 46 52
4 33 18
2 5 66
0 47 35
0 14 25
3 31 49
5 36 31
2 32 46
3 54 36
0 57 29
2 60 54
0 78 11
5 76 27
5 54 37
0 42 3
0 54 39
2 76 66
5 4 34
4 53 61
0 39 55
0 11 77
0 26 4
2 61 30
0 73 33
3 66 58
0 57 38
0 30 18
3 30 27
4 50 54
0 51 0
3 63 69
4 67 41
0 80 49
5 35 76
3 80 31
0 45 44
0 10 26
2 23 46
0 1 70
2 40 7
5 25 48
4 77 16
4 35 25
4 69 50
3 72 52
3 54 49
3 25 44
0 46 15
4 66 42
0 38 22
0 1 44
2 44 30
3 68 65
5 36 79
0 10 57
4 73 60
5 41 17
2 45 25
4 6 64
2 65 51
5 80 10
4 69 26
4 70 55
4 34 73
3 55 77
5 50 37
2 63 41
3 36 34
0 78 39
4 40 80
0 61 33
5 58 34
3 61 67
1 44 28
5 22 37
2 45 78
0 65 24
2 38 28
0 52 37
0 53 58
0 31 45
0 42 56
0 48 10
3 42 32
0 44 76
0 63 39
2 65 30
2 63 70
0 43 4
0 67 42
3 47 8
3 41 69
5 9 49
4 37 4
5 64 15
5 60 21
0 47 62
4 8 55
5 32 6
5 28 63
5 43 23
3 47 70
0 73 48
0 39 34
3 32 27
2 69 58
3 72 77
0 24 29
0 64 78
4 74 68
3 32 23
2 75 72
3 42 12
0 79 27
2 39 72
0 45 35
5 4 39
4 14 76
5 60 40
2 33 35
0 1 43
5 16 27
5 41 18
4 79 18
4 24 32
5 30 70
2 45 62
3 30 21
5 45 69
3 70 31
3 70 27
3 30 9
3 76 33
3 68 29
3 72 75
2 45 67
2 45 9
5 32 45
4 69 39
4 10 54
5 76 8
2 15 41
0 29 10
2 59 42
2 57 78
0 73 66
5 59 34
2 27 78
2 31 60
5 67 34
5 16 51
0 40 46
4 52 71
0 35 64
5 30 76
0 46 26
0 78 36
0 41 19
3 38 33
2 34 38
3 36 51
4 63 61
0 5 53
4 34 18
0 43 62
4 62 6
0 33 19
0 80 38
2 49 53
2 50 35
0 38 79
0 37 6
0 37 34
0 48 76
0 74 53
0 73 47
4 32 36
4 36 53
0 62 22
1 70 50
3 68 76
2 18 80
5 20 40
0 15 79
0 42 76
2 55 30
3 42 58
4 59 53
3 51 63
2 17 54
3 55 58
0 73 67
4 0 30
2 27 61
5 30 46
3 55 44
4 41 47
0 26 28
0 0 47
0 78 41
0 16 50
5 32 3
4 50 25
5 43 58
5 17 69
0 67 3
0 7 41
5 35 77
5 30 63
0 44 77
2 71 47
0 64 79
3 53 63
2 17 64
3 35 29
3 27 45
1 48 55
2 39 48
3 25 78
4 27 48
3 47 20
3 54 16
2 57 41
2 34 7
5 47 67
3 53 75
3 29 79
3 78 45
5 30 72
5 52 31
4 49 28
5 45 34
5 54 67
4 33 55
0 67 12
2 52 4
2 41 42
2 71 35
2 43 30
0 49 35
5 11 45
2 65 28
2 12 80
4 33 9
3 46 24
0 47 9
5 4 51
4 14 61
2 63 47
0 4 48
5 10 79
0 46 32
4 76 64
4 33 58
3 72 34
2 76 68
2 2 80
4 77 51
2 51 36
5 9 79
0 54 12
0 46 76
5 46 43
2 58 41
3 9 34
0 21 7
5 58 27
4 71 22
4 28 80
0 56 37
0 70 8
0 23 61
0 25 12
0 73 36
2 77 64
0 48 19
3 76 28
4 41 35
0 78 35
5 30 44
3 36 77
4 9 60
3 32 57
2 62 13
3 46 45
4 65 15
3 30 2
4 1 42
4 49 44
4 62 64
3 32 52
4 40 59
3 72 38
0 6 79
5 25 41
0 26 47
5 15 38
0 32 54
0 64 14
0 61 73
2 79 43
0 66 26
4 12 47
0 66 36
4 65 58
5 35 23
4 65 36
5 28 71
0 78 53
4 40 12
5 71 39
3 68 67
4 40 74
0 41 27
0 54 31
0 57 32
0 70 19
0 8 27
4 33 65
3 80 9
5 33 79
4 40 70
4 35 46
0 19 76
2 40 18
4 45 76
2 69 0
4 3 60
2 57 48
4 3 42
5 66 8
4 21 54
3 68 16
0 37 74
5 14 40
0 8 51
5 46 14
2 62 29
0 56 35
0 33 71
5 47 5
4 26 43
4 45 56
2 21 41
3 68 46
4 51 76
5 41 66
5 66 5
4 23 60
1 36 61
5 54 29
3 55 50
3 25 79
3 76 77
0 80 12
5 30 19
0 37 24
5 61 5
5 15 45
0 45 22
2 28 61
0 67 19
0 39 45
1 35 60
0 17 51
5 47 25
0 64 41
4 56 50
4 69 1
3 64 39
4 27 22
5 76 45
3 42 53
5 54 2
3 54 3
2 57 61
4 40 51
5 41 6
0 37 31
2 79 36
5 16 40
0 78 38
2 12 66
0 53 13
0 42 11
5 38 69
4 40 1
0 16 64
0 70 54
5 31 38
4 11 68
1 55 67
4 62 67
0 56 32
4 3 32
4 43 47
0 77 54
0 14 30
3 42 52
4 76 54
0 53 1
2 29 53
3 61 8
0 55 76
2 55 25
0 37 67
3 52 33
0 8 32
4 14 42
0 25 38
4 4 47
5 46 21
3 68 69
4 65 6
0 63 28
5 16 5
0 28 69
5 42 4
2 34 4
1 51 27
5 12 69
0 80 32
3 41 40
2 23 30
0 46 23
0 57 52
3 68 43
0 17 70
0 11 31
3 0 45
4 21 76
4 8 36
0 57 27
3 37 69
5 64 12
2 79 7
0 28 59
0 70 39
5 22 27
5 42 67
0 31 56
2 40 29
4 69 41
3 51 65
4 34 0
0 69 47
4 58 46
0 3 51
0 58 45
2 59 25
0 74 30
0 66 1
5 51 73
2 38 42
3 54 11
4 16 66
0 21 71
4 45 20
2 69 30
4 79 50
0 39 67
4 62 25
5 48 44
3 76 48
3 42 33
3 25 27
5 54 1
4 3 80
5 30 69
0 17 42
2 34 58
0 37 2
2 24 35
0 7 12
0 65 42
2 63 54
2 58 36
5 3 34
0 17 41
0 18 73
2 71 68
0 72 69
5 25 4
5 80 57
0 52 59
2 34 16
3 53 77
0 69 29
5 39 73
5 41 20
0 76 10
1 49 65
0 72 14
3 32 79
0 79 45
2 41 68
4 34 14
3 47 43
3 80 77
0 49 11
4 27 13
0 17 4
0 76 65
4 45 75
2 23 76
5 40 45
1 68 42
4 3 61
3 35 58
0 46 79
3 54 55
0 26 32
3 47 57
0 16 62
0 63 26
4 68 30
5 71 77
2 34 47
4 58 35
4 11 25
2 34 43
0 24 40
0 38 17
5 6 65
3 43 52
0 55 42
5 22 75
0 40 61
3 35 21
3 67 77
3 43 44
2 43 68
5 4 75
0 41 8
0 63 20
3 67 38
0 5 70
4 47 54
4 48 29
5 28 51
0 64 38
4 79 4
5 75 40
0 68 38
2 76 42
0 25 45
2 23 68
2 78 68
3 16 31
5 9 37
3 76 62
5 27 71
4 35 54
2 40 4
3 47 11
0 71 37
5 64 51
0 51 26
0 52 67
0 10 32
0 64 17
4 28 66
4 12 53
2 71 29
0 30 23
5 64 45
5 50 65
3 13 62
5 54 6
1 52 62
5 25 2
3 49 45
0 62 73
5 25 74
4 67 36
5 60 17
2 67 25
2 34 28
5 22 65
2 34 71
0 61 74
3 4 40
0 31 69
5 61 15
0 20 48
4 28 44
0 63 8
5 22 56
2 28 35
4 69 34
0 37 72
5 66 28
4 51 55
4 49 60
4 31 10
0 36 23
0 48 72
0 22 64
0 54 40
0 44 63
3 48 73
4 77 47
0 38 9
3 54 72
2 38 60
4 40 17
5 54 8
2 57 67
0 50 60
5 29 50
3 66 38
4 5 55
4 14 48
4 69 8
0 79 54
2 44 47
2 38 51
5 11 73
2 14 68
0 26 39
2 78 32
2 79 53
4 62 72
4 8 60
3 35 28
4 65 43
3 25 76
2 77 70
5 80 42
5 63 40
5 68 45
0 69 25
1 28 70
3 32 48
5 80 18
0 30 45
3 38 34
0 18 31
4 33 48
4 69 14
4 38 16
5 66 50
0 49 36
0 21 68
0 52 74
0 25 37
3 71 34
2 40 54
5 66 40
2 33 47
3 43 70
2 44 32
3 80 0
0 27 64
5 29 73
0 71 43
2 39 54
0 60 10
2 58 43
0 17 72
5 6 62
0 56 36
0 6 49
3 72 31
2 56 78
5 72 57
3 72 49
2 34 37
3 16 37
0 50 73
5 46 66
4 14 43
3 67 79
1 66 60
5 42 75
3 47 45
0 79 48
0 44 78
5 47 41
2 51 70
0 78 2
2 24 54
5 53 76
0 78 20
4 52 15
4 62 30
2 77 36
5 79 37
5 35 73
2 62 16
0 35 19
3 76 31
0 27 55
0 73 42
0 5 28
0 73 41
3 42 64
2 46 47
3 61 52
5 42 63
0 73 25
5 64 29
0 48 33
3 64 28
0 5 47
4 23 66
3 61 31
0 9 32
0 19 65
0 22 8
0 5 61
4 50 80
4 36 35
5 41 57
5 62 49
0 58 29
4 69 11
0 13 43
0 77 46
2 45 0
5 36 67
0 53 41
4 79 67
2 31 44
2 39 47
0 28 76
0 22 32
5 43 69
5 53 39
3 70 49
0 24 59
0 50 62
4 5 29
2 44 60
0 40 16
4 59 27
5 13 73
5 15 65
2 48 53
3 22 9
4 65 7
0 65 16
0 67 33
2 56 60
5 61 14
2 33 76
4 8 46
2 59 29
3 67 44
0 75 71
0 1 72
0 32 71
0 68 49
0 60 68
2 31 41
4 18 30
0 43 73
0 60 14
3 46 78
0 24 39
0 61 4
5 31 62
5 76 69
0 75 41
0 0 32
4 22 54
4 31 52
0 44 46
0 28 77
0 69 54
3 24 69
0 54 66
4 11 66
4 49 42
2 33 13
5 76 55
5 60 74
4 31 25
0 12 51
0 7 60
3 78 40
2 33 15
2 39 78
4 16 30
2 40 60
1 60 41
3 60 43
2 72 68
0 12 71
4 77 60
3 29 39
3 47 52
5 54 41
4 59 4
0 76 52
4 61 68
4 38 53
3 47 59
2 33 78
4 45 33
5 78 23
5 0 33
0 4 36
4 51 72
4 50 64
4 62 68
0 80 14
4 69 38
2 79 32
0 64 23
4 61 41
4 78 47
0 42 14
2 24 80
3 46 65
0 78 1
2 59 35
0 63 7
4 7 42
5 47 79
4 34 20
0 70 26
0 23 28
0 47 17
3 80 29
5 41 55
3 80 62
5 46 74
3 64 67
5 22 79
0 14 28
0 65 50
3 32 14
0 60 38
2 69 55
4 52 10
2 37 52
5 38 62
0 63 53
3 42 0
0 64 48
4 62 50
4 67 55
5 60 3
3 41 24
0 18 51
2 31 16
3 15 49
3 35 26
4 50 36
4 77 43
0 16 49
0 27 76
5 42 10
0 63 79
0 31 65
2 48 46
4 6 41
0 6 47
2 69 15
4 34 55
3 66 3
0 63 30
4 15 61
4 26 29
5 59 69
2 51 44
3 43 75
4 72 46
2 52 55
4 64 36
4 38 32
3 25 39
0 2 79
2 20 25
0 29 3
5 60 27
4 69 28
3 46 73
4 72 41
3 27 69
4 38 55
2 44 41
5 66 9
2 57 76
0 35 48
2 51 35
0 46 5
5 76 6
0 77 55
2 34 54
0 54 52
4 24 61
4 78 43
2 62 80
2 29 41
3 7 49
2 52 50
0 3 16
3 36 8
2 49 61
5 58 65
4 33 66
5 54 30
2 40 78
5 67 48
3 80 44
5 67 62
4 63 15
2 56 41
3 55 31
4 2 46
4 15 46
4 38 61
0 53 56
0 24 67
3 44 52
5 36 24
5 1 34
3 80 75
2 70 36
4 37 80
2 62 51
4 75 32
4 23 55
5 68 40
0 46 34
2 33 46
3 41 36
0 25 50
0 38 73
0 45 41
2 39 76
3 29 52
5 1 45
0 48 60
2 45 54
4 44 48
0 80 24
5 47 10
5 56 45
2 34 6
4 34 74
5 22 71
0 58 30
5 80 47
4 45 80
0 50 8
0 62 46
0 38 66
4 29 67
5 54 77
3 30 74
2 53 46
3 32 51
4 34 39
2 45 36
1 36 32
5 72 39
4 31 36
1 35 41
0 69 18
3 67 31
5 78 28
4 28 68
3 13 31
3 39 65
0 68 55
5 32 55
0 52 36
5 47 6
1 80 30
4 57 80
3 48 77
0 26 61
5 68 80
5 48 59
0 25 58
1 36 76
5 48 34
5 20 73
3 36 69
3 61 51
5 42 45
5 60 37
3 71 33
0 70 45
0 50 7
4 14 35
0 47 3
3 35 37
5 42 30
1 38 63
0 42 49
2 15 42
0 39 0
0 38 7
3 44 69
3 68 0
0 68 17
0 30 67
4 45 26
0 37 7
4 65 18
4 4 25
3 35 6
0 59 36
0 43 54
4 37 78
5 60 16
5 27 73
3 30 20
4 11 42
5 13 33
2 63 46
5 30 71
5 61 23
0 20 80
4 62 36
1 51 39
0 42 21
4 41 25
3 61 49
4 71 16
3 64 5
2 77 28
2 14 66
0 60 23
5 47 63
0 27 60
0 33 40
4 71 27
3 53 28
0 35 10
4 51 58
2 34 72
0 28 52
4 67 54
3 68 48
2 63 71
3 76 73
4 72 66
5 53 65
3 66 59
3 46 75
0 76 30
3 80 64
0 74 32
3 78 71
2 62 48
3 50 33
4 79 39
3 35 67
5 60 0
4 44 67
5 55 49
0 30 37
5 35 9
0 16 53
2 79 66
3 6 37
0 11 55
3 25 70
0 15 40
1 80 68
0 72 19
5 11 40
3 55 56
3 78 34
2 17 53
3 4 79
0 55 20
3 58 69
2 51 64
2 33 43
3 35 31
0 75 46
4 37 50
3 54 14
4 56 80
2 58 55
5 66 78
4 77 71
0 71 41
4 26 48
2 50 68
0 76 29
2 61 25
5 61 64
4 38 52
3 54 0
2 57 46
0 16 78
2 26 54
4 1 25
4 75 61
5 46 63
5 35 12
0 7 55
5 35 20
3 46 33
2 16 47
4 20 66
5 32 58
3 41 77
5 60 75
5 80 22
3 71 65
2 43 32
2 8 53
4 40 57
0 49 24
5 41 70
3 35 65
5 25 0
5 60 28
2 45 18
4 58 72
4 29 60
3 6 33
4 60 35
4 27 70
3 28 33
0 52 18
3 63 33
3 41 3
0 26 27
4 62 7
3 76 56
5 66 61
5 35 57
5 61 77
4 17 29
5 76 26
2 45 71
3 42 37
4 15 80
5 25 66
5 47 66
0 59 70
4 65 60
0 37 68
0 74 62
3 76 49
3 0 40
0 11 37
5 62 45
5 68 4
2 38 25
0 62 37
4 28 43
2 24 68
1 47 80
0 60 29
5 38 49
0 53 31
0 33 72
5 35 70
5 39 77
4 42 68
5 0 65
2 63 16
5 30 8
0 37 15
0 1 36
3 67 28
3 27 38
3 28 37
5 60 67
4 73 4
2 52 76
3 25 17
0 59 10
2 49 43
4 20 60
2 69 6
0 52 78
0 79 68
4 75 60
3 54 79
5 18 37
4 52 27
4 22 80
0 25 64
2 6 30
2 40 36
2 39 36
3 36 75
2 60 80
5 41 53
0 21 67
4 74 66
0 37 22
5 47 76
2 70 42
0 66 7
3 76 39
4 0 46
4 7 68
0 40 66
2 64 46
0 80 21
5 47 22
0 73 9
2 76 25
4 23 42
2 46 68
3 54 44
2 79 63
3 7 79
4 55 36
5 64 75
0 1 29
4 60 66
0 43 65
5 16 63
3 24 49
2 77 32
0 20 33
3 42 31
3 10 45
5 48 17
0 31 20
0 15 29
2 17 35
5 35 39
2 36 25
2 40 42
2 37 54
0 36 17
4 63 60
0 37 20
0 69 27
2 53 66
2 63 32
2 8 54
2 33 63
0 75 37
2 17 36
4 34 26
2 39 53
0 59 43
5 30 53
0 62 27
5 68 37
5 47 32
1 64 76
4 75 64
5 29 63
5 42 47
5 32 24
3 53 43
5 80 40
4 17 76
5 61 36
0 9 53
3 41 21
4 73 35
0 69 13
4 74 35
3 55 75
5 51 77
3 60 34
5 72 70
2 39 68
0 49 34
5 30 80
3 50 63
4 73 68
0 66 23
2 45 43
2 70 32
4 57 44
0 78 46
0 9 51
0 14 36
4 40 26
2 23 41
3 78 65
5 66 20
3 60 12
0 61 29
3 54 27
4 8 78
4 71 30
2 34 67
4 37 62
0 76 23
0 67 2
4 68 47
5 80 33
5 13 39
4 3 41
0 54 48
0 19 43
4 64 80
0 48 13
0 45 32
2 34 70
2 41 80
0 76 1
3 58 40
3 62 40
4 37 25
2 31 30
2 77 61
0 29 68
0 30 56
5 48 8
5 11 34
0 33 54
3 30 38
2 37 42
5 7 38
2 49 6
3 50 52
0 15 43
4 2 66
4 43 64
2 52 35
4 34 64
5 46 58
3 47 28
4 50 66
5 65 33
5 67 26
0 65 41
4 59 22
5 48 27
2 45 50
5 10 65
4 56 4
5 70 28
0 21 55
5 32 73
0 51 29
0 48 1
4 65 61
0 6 80
4 19 47
0 48 63
4 23 29
0 30 17
0 15 67
2 9 30
0 34 10
4 64 53
3 54 26
0 66 62
0 13 78
0 51 75
2 79 30
5 22 63
0 78 21
5 64 44
4 18 60
0 16 28
4 38 10
5 80 51
0 62 42
0 47 71
0 73 6
0 27 24
2 62 41
3 7 33
0 68 78
5 26 34
0 66 14
5 69 40
0 42 9
4 17 43
4 49 15
5 22 34
2 69 7
5 60 44
0 45 4
5 4 56
2 61 35
0 73 49
4 38 4
5 80 46
4 41 46
5 54 68
3 4 49
5 76 70
0 36 74
4 70 53
4 49 71
3 42 59
2 21 42
4 58 78
4 27 53
5 50 58
5 24 79
3 80 35
0 26 36
3 38 65
0 11 33
5 29 23
3 72 56
2 29 76
5 61 12
2 49 76
2 40 25
2 40 72
2 37 58
2 15 30
0 31 9
0 24 47
4 52 24
0 24 55
0 75 55
1 46 60
4 61 42
5 54 71
4 55 78
4 33 0
2 79 6
1 65 37
0 0 71
4 27 16
4 17 66
2 75 68
5 8 34
0 73 15
5 4 71
5 35 69
0 49 72
2 31 53
4 45 68
3 27 79
0 27 68
4 2 54
5 76 32
2 46 80
0 17 50
0 29 19
4 44 66
0 9 69
2 28 53
1 38 31
4 49 70
3 10 9
3 41 65
5 31 37
4 61 47
4 50 70
3 76 37
5 42 57
4 77 25
4 71 48
4 34 15
4 62 15
2 69 9
5 7 27
4 76 35
2 45 24
4 62 76
4 11 41
0 75 11
0 72 71
0 25 5
2 16 25
3 24 37
0 17 31
0 66 44
2 51 67
4 60 47
4 15 47
4 12 64
3 22 52
4 73 20
3 30 11
2 36 60
5 2 69
3 44 38
2 33 4
4 11 30
5 26 45
3 72 37
3 55 39
3 48 71
3 51 49
4 55 32
2 43 42
0 41 10
5 55 26
5 13 51
2 31 28
0 27 66
0 0 73
2 39 64
0 55 12
4 23 78
0 34 65
2 73 32
0 61 17
0 73 31
4 51 54
4 8 47
5 43 45
0 41 67
2 40 35
5 6 31
4 23 53
2 33 70
3 39 62
0 20 49
2 31 29
0 80 58
3 32 8
3 28 45
0 0 64
3 32 34
5 66 24
5 46 72
0 19 60
3 54 73
3 48 37
4 6 54
2 51 68
4 56 28
0 29 64
0 62 32
3 25 77
0 60 65
0 46 67
2 39 41
3 41 23
0 62 2
0 38 0
0 46 57
0 52 9
4 73 71
3 13 45
3 64 26
0 49 77
4 2 25
4 48 43
1 36 64
5 53 59
2 34 36
3 47 50
3 80 8
3 68 28
2 65 67
3 24 34
2 33 42
2 63 13
5 67 5
4 75 36
0 56 67
3 30 79
3 68 64
4 26 55
0 53 57
1 39 71
0 52 56
5 7 59
0 38 18
4 40 8
5 55 8
4 69 74
5 15 63
4 62 31
0 15 71
0 78 30
5 46 2
0 29 80
3 36 78
2 39 35
0 60 73
4 5 54
0 61 1
5 61 21
5 46 39
3 76 51
4 69 52
3 41 37
3 30 14
0 42 61
4 43 67
5 53 55
3 72 51
0 41 61
5 24 38
0 26 52
0 64 58
5 71 51
0 43 6
5 20 34
5 66 43
0 32 66
0 30 26
2 27 46
5 42 54
4 46 30
5 16 39
4 55 66
0 4 29
1 48 67
4 21 64
0 19 36
4 48 68
5 78 63
2 31 64
0 52 40
2 23 54
4 34 56
0 13 61
0 64 4
0 39 46
5 35 24
0 43 28
5 47 1
4 69 59
2 8 30
0 43 60
2 31 68
3 42 40
3 68 21
2 48 64
0 28 65
0 18 76
5 10 40
0 35 75
2 77 67
0 80 63
4 58 50
3 50 71
5 70 51
0 66 80
4 16 41
4 51 4
4 56 42
4 31 72
4 40 77
4 10 30
3 53 62
0 27 6
5 46 61
0 70 77
3 41 33
3 80 23
4 45 14
5 75 45
3 80 45
3 47 55
0 41 15
4 12 42
4 58 28
2 70 67
2 23 35
0 55 6
2 65 44
5 61 26
2 27 44
3 30 60
2 8 42
5 63 37
5 35 56
3 61 78
4 9 47
2 67 68
0 59 63
0 44 5
3 54 63
3 36 44
0 76 7
3 55 51
3 64 27
5 60 72
0 5 72
0 55 69
2 63 55
4 17 78
3 50 38
0 71 3
2 52 80
5 36 52
0 50 27
3 29 51
4 39 60
4 64 42
0 49 66
2 63 78
2 8 80
3 60 50
0 6 59
2 75 78
1 32 76
5 28 49
5 53 14
4 45 61
5 30 4
0 6 48
0 53 69
5 59 45
0 36 22
2 40 39
3 61 48
4 14 64
3 43 33
5 25 60
0 53 54
2 45 27
4 29 66
4 9 41
5 66 56
3 60 59
1 79 33
2 38 46
0 58 79
2 33 30
5 35 55
5 41 63
0 71 76
5 13 75
2 75 66
2 32 60
4 26 67
4 27 42
0 26 76
4 17 61
0 78 50
3 32 38
5 68 39
2 55 46
4 69 20
0 40 9
2 65 25
3 42 48
0 71 54
4 16 46
0 74 67
2 27 30
0 1 41
3 47 16
5 66 31
0 56 79
0 77 18
2 40 48
3 43 38
5 77 34
5 10 38
5 27 51
2 38 13
5 0 37
2 32 47
3 36 50
5 41 2
0 44 59
4 39 25
4 48 54
0 75 33
5 55 38
2 36 42
2 5 25
2 69 35
0 42 27
0 48 61
0 26 42
2 45 79
4 40 23
4 37 30
0 53 60
0 67 47
4 12 41
5 67 8
0 16 75
3 30 32
5 46 77
5 5 40
5 29 14
5 71 52
4 75 54
0 16 76
2 38 36
5 19 34
0 29 16
5 46 20
0 77 65
3 50 59
3 68 66
4 31 46
0 74 42
3 54 32
4 12 25
3 60 57
3 36 58
3 47 75
4 1 54
0 21 46
5 47 14
5 42 77
5 18 65
5 57 69
3 68 8
5 2 34
0 12 29
3 66 73
0 7 29
5 48 62
4 52 13
3 78 56
2 5 76
3 61 40
3 28 62
4 39 16
4 33 39
2 43 46
2 77 80
5 14 45
5 35 11
3 16 34
5 61 63
2 49 47
5 42 2
4 56 44
3 36 26
5 36 59
4 27 4
0 25 75
0 66 29
2 5 41
3 68 26
4 69 17
3 80 69
5 28 75
4 73 27
3 36 45
4 65 79
5 22 39
5 66 72
5 35 49
5 43 78
0 19 32
0 55 70
0 72 23
2 67 30
2 56 64
5 23 40
2 75 42
5 47 31
0 69 76
0 43 74
2 56 54
0 67 7
0 33 62
5 28 50
0 1 79
3 71 45
2 63 76
2 59 66
5 67 29
4 25 68
2 38 70
0 53 23
2 63 4
2 56 30
4 55 48
0 2 43
2 48 25
0 38 71
5 53 70
5 61 53
0 40 27
5 32 21
3 66 55
2 31 67
3 64 55
0 32 78
0 65 53
5 72 58
3 29 58
5 50 69
3 16 69
0 55 33
0 27 12
4 74 41
2 57 42
3 72 79
4 13 30
0 51 28
5 47 19
0 70 35
2 72 42
4 73 2
0 53 18
5 8 69
5 36 56
0 11 63
4 25 47
3 46 70
4 45 59
0 9 76
0 13 8
0 44 54
2 40 71
0 79 10
5 30 62
0 80 37
4 15 36
5 6 45
4 62 10
5 6 52
5 36 6
0 60 32
5 46 12
3 42 62
4 40 19
5 54 23
3 80 2
4 57 43
5 44 75
0 33 77
4 45 7
1 63 31
3 25 49
4 37 71
5 42 66
2 45 58
0 13 26
4 45 64
5 43 57
5 54 4
2 12 46
5 56 34
0 0 61
2 57 35
0 9 68
5 0 79
5 10 52
4 56 13
0 27 15
4 49 38
5 42 22
0 32 13
4 40 2
2 21 25
1 29 55
1 53 64
0 16 80
0 80 34
3 68 60
2 52 60
5 42 65
3 60 48
3 61 37
0 48 16
2 36 47
4 37 70
4 19 42
4 36 66
5 71 59
2 40 63
4 17 55
3 32 39
3 42 74
5 58 63
2 36 41
5 25 3
0 73 52
5 21 69
0 51 79
2 36 68
0 15 66
4 51 22
5 47 78
2 77 68
2 69 32
4 59 39
0 23 47
3 48 56
0 7 46
0 52 20
3 52 45
0 37 16
4 75 25
4 76 47
1 52 63
0 57 64
0 17 28
4 69 45
5 18 34
3 80 71
5 41 62
5 13 1
2 48 35
3 80 20
4 19 80
0 57 71
5 60 5
2 38 76
4 19 54
3 46 31
5 25 55
3 61 71
3 80 39
3 80 52
4 63 6
2 65 47
4 31 24
0 73 24
3 64 50
3 61 27
3 33 45
4 47 30
0 26 72
4 1 30
4 15 53
2 69 42
2 34 50
0 70 14
3 70 73
2 44 43
4 12 36
0 72 59
2 37 13
4 12 32
3 42 18
2 33 64
3 71 49
4 28 67
1 34 45
5 53 36
3 80 27
0 79 24
3 78 44
4 38 58
3 61 75
0 41 29
3 65 34
4 31 43
4 47 42
0 80 15
2 40 52
4 69 77
2 28 42
4 69 48
0 64 18
3 24 65
4 25 80
4 71 50
5 7 71
5 47 7
5 28 57
2 44 55
5 27 49
4 20 35
1 39 27
4 79 0
4 67 78
5 68 18
2 77 48
5 12 45
3 32 37
0 13 29
3 68 15
0 40 68
2 70 48
0 48 80
3 51 40
4 59 7
2 24 41
5 39 59
2 8 41
3 46 62
2 18 42
2 55 53
4 57 72
2 18 68
0 25 62
1 66 41
0 22 43
0 6 67
4 77 22
5 61 65
4 57 50
4 28 41
0 71 42
2 17 30
4 52 68
5 44 73
5 35 72
4 38 35
0 10 8
4 6 68
2 38 80
4 72 35
3 36 57
0 61 22
4 72 25
0 16 44
0 20 67
4 77 42
5 68 44
4 53 32
0 32 7
2 52 29
5 51 59
0 18 40
2 46 42
0 32 72
4 38 72
5 22 62
0 36 62
3 66 17
5 60 9
4 0 41
5 42 7
2 79 47
3 29 57
0 73 44
0 52 66
0 64 9
0 23 80
5 29 40
2 49 55
3 10 49
5 29 48
0 55 52
5 22 33
0 78 59
4 14 53
2 70 78
1 54 47
5 60 31
2 69 71
4 3 35
4 3 36
0 75 65
4 45 66
1 79 49
5 58 39
0 48 15
2 65 4
3 46 3
2 52 39
3 13 37
0 33 1
2 50 55
4 73 11
5 7 77
4 25 54
0 7 53
3 54 33
3 47 24
4 5 35
4 58 25
0 67 27
5 67 56
3 54 70
4 7 30
4 5 67
5 28 58
4 62 39
4 63 24
5 76 61
4 3 68
5 46 9
2 33 80
5 35 0
5 56 40
5 41 16
2 63 44
4 51 7
5 13 71
5 66 2
5 73 40
4 39 58
5 9 65
4 37 53
0 63 17
0 3 43
0 45 42
5 57 40
4 68 54
5 58 51
4 2 60
4 70 72
3 63 45
5 79 40
0 12 35
5 80 13
5 37 49
3 43 27
3 25 32
5 59 40
4 64 30
3 80 50
0 43 49
5 26 40
5 72 33
3 78 33
0 27 80
3 36 73
2 45 31
0 61 9
4 27 7
0 19 44
4 34 62
4 62 24
4 12 76
4 14 46
4 79 38
0 3 27
3 54 28
0 37 63
5 77 45
4 71 13
3 25 56
4 73 51
5 7 62
5 55 17
2 51 32
2 49 13
5 71 31
0 20 54
5 66 49
2 50 42
4 49 18
4 35 47
5 68 79
3 54 46
0 29 44
5 13 69
0 50 19
4 56 25
5 72 44
0 74 49
4 22 42
0 22 17
0 26 41
0 0 76
4 24 46
2 12 54
0 72 29
4 19 7
0 30 55
4 49 0
0 31 26
0 36 55
3 64 77
5 30 25
1 52 38
4 65 32
2 59 76
5 54 19
0 48 7
0 22 29
5 36 12
4 34 22
0 62 9
2 17 60
5 53 5
2 32 80
0 58 26
5 47 34
2 5 80
0 19 49
5 21 40
0 31 2
5 7 51
5 53 15
0 60 8
2 79 35
5 78 8
5 78 14
4 26 46
1 40 34
0 67 60
4 37 66
5 73 45
2 45 30
0 6 66
0 20 75
0 10 78
3 22 45
4 69 56
4 34 75
3 53 34
5 64 3
0 50 1
0 10 61
3 25 59
4 57 22
5 70 57
5 15 62
2 64 25
5 37 33
0 44 10
3 54 50
2 43 35
1 46 35
3 42 35
3 41 43
4 77 30
2 58 67
5 55 14
5 17 34
4 79 13
5 47 18
5 13 56
4 1 80
4 3 25
0 8 72
0 27 75
4 46 25
3 15 34
0 53 22
4 59 71
4 6 61
2 53 25
2 28 30
4 73 16
5 42 28
5 61 28
5 68 25
2 5 32
2 50 29
3 44 34
5 41 74
4 37 18
2 69 53
5 13 59
2 65 80
5 44 65
4 45 21
0 0 52
4 45 1
4 1 68
4 21 32
5 80 36
0 43 24
0 58 32
2 51 41
2 34 49
0 4 55
4 53 30
4 56 22
4 37 9
5 18 33
5 13 27
2 59 64
5 76 24
3 66 34
3 42 46
0 33 10
5 15 52
4 63 38
0 75 2
5 36 15
4 10 42
5 41 79
4 69 73
3 61 50
2 32 35
3 68 9
5 47 68
0 42 72
4 67 53
5 68 7
4 40 21
3 61 56
2 17 68
4 45 3
4 65 0
5 29 8
3 35 17
4 34 17
4 1 13
4 74 60
5 73 69
4 70 29
3 46 44
5 76 12
2 37 29
5 44 57
5 2 40
2 52 70
2 79 51
3 47 61
5 71 40
5 60 49
0 3 55
5 78 5
4 55 68
3 30 77
5 16 71
3 4 52
3 42 5
4 1 47
5 75 34
4 77 13
5 77 40
4 4 68
0 49 56
4 23 67
3 41 58
4 40 69
5 43 55
0 35 7
3 64 40
4 69 72
3 47 39
4 43 66
4 5 43
5 53 12
5 68 10
4 4 30
4 3 64
4 40 65
2 38 67
5 53 40
5 41 45
4 34 9
2 65 63
3 39 33
5 80 7
4 44 29
0 77 0
0 47 64
4 39 7
3 28 79
0 66 53
4 40 20
4 57 70
4 34 46
4 14 60
4 11 35
4 49 29
4 45 12
5 46 11
5 53 21
0 2 55
4 13 68
0 49 25
5 46 18
4 56 70
4 21 61
4 73 50
5 46 0
5 53 24
5 42 17
5 53 3
3 42 26
4 34 59
3 68 57
5 54 20
4 79 29
0 32 16
0 37 35
5 23 45
3 27 65
0 77 37
4 31 7
4 20 46
4 38 15
3 32 70
3 30 15
3 76 71
5 72 50
4 59 28
0 17 27
4 4 80
3 80 11
5 54 51
5 22 59
5 7 73
0 65 1
5 20 69
0 39 79
0 72 7
5 47 12
4 17 48
3 32 56
4 40 3
5 22 73
5 27 62
0 57 51
4 34 8
4 15 54
3 46 37
5 10 63
5 43 8
5 54 53
4 58 47
2 70 47
5 25 69
2 62 78
5 25 72
5 29 71
5 24 62
5 80 59
4 28 72
0 55 80
0 74 33
4 40 14
0 18 7
5 17 45
5 46 8
4 22 68
3 61 39
4 8 48
3 30 73
4 34 11
5 35 2
5 3 69
3 25 40
3 60 53
4 49 64
3 36 65
5 13 77
5 55 27
5 36 3
4 77 4
2 21 80
0 6 71
4 39 22
4 73 39
0 8 76
4 34 57
4 65 9
5 32 26
4 69 22
5 14 34
0 68 12
1 34 69
4 65 76
5 68 22
5 50 75
4 24 36
5 67 52
0 59 15
5 41 75
0 8 38
5 74 34
4 6 32
5 9 33
2 34 76
4 39 13
4 45 57
2 75 48
5 64 32
5 20 45
0 51 66
0 1 60
4 75 4
4 77 27
4 7 54
4 3 53
4 40 28
5 43 14
5 73 34
5 42 25
5 70 56
4 40 5
5 12 40
3 78 27
4 69 57
5 50 57
4 34 1
4 37 0
4 75 44
5 27 77
4 39 4
4 34 21
5 60 63
2 0 80
4 69 19
0 31 8
4 10 80
3 7 45
4 23 36
2 39 70
4 10 68
5 70 58
2 51 25
0 73 53
3 64 57
5 4 57
3 54 43
5 21 45
4 24 30
3 60 45
2 48 42
5 22 77
5 43 26
5 66 18
4 11 46
5 30 10
3 30 78
5 5 45
0 26 38
4 73 22
2 58 54
5 24 52
4 4 54
5 41 72
0 2 49
0 32 1
5 16 59
4 36 30
0 43 21
0 43 11
2 63 58
5 74 40
5 74 45
4 57 4
4 45 74
4 75 70
0 31 59
4 26 78
5 21 34
0 31 55
4 16 35
5 64 21
2 73 61
4 59 51
4 45 77
5 35 18
4 34 2
5 22 51
4 19 30
0 75 7
5 19 69
4 0 25
0 9 7
4 77 39
4 60 46
5 64 6
5 8 45
2 37 41
5 57 45
0 18 61
5 10 31
5 24 63
4 75 13
4 45 40
0 16 68
0 16 57
2 40 24
5 1 69
5 66 0
4 69 75
5 8 40
4 76 46
4 31 15
4 59 44
5 2 73
4 10 47
1 30 47
5 32 17
4 14 78
4 37 79
4 23 43
4 38 6
4 34 23
4 5 78
4 51 13
2 38 47
5 44 56
3 29 77
2 33 28
5 25 9
4 75 28
0 67 16
4 2 35
0 75 49
5 35 16
4 25 30
4 45 8
5 53 6
4 51 80
5 16 77
4 0 60
4 29 25
1 43 29
3 42 24
4 75 22
4 13 80
5 29 26
4 15 76
5 66 11
4 7 47
5 43 5
5 48 5
4 19 68
0 57 7
2 28 25
4 0 35
4 45 23
5 41 0
4 40 11
4 77 7
5 24 31
4 13 47
4 37 65
4 8 43
5 67 23
5 76 3
4 23 48
3 42 55
4 21 36
4 69 23
5 5 69
0 10 70
5 66 74
4 75 50
5 61 24
5 41 11
4 15 64
4 7 80
5 5 34
5 76 15
2 59 46
5 60 26
4 45 2
0 41 54
0 32 4
4 52 6
5 23 69
3 43 59
4 69 2
2 71 72
5 7 39
5 32 12
4 6 53
4 51 16
0 20 62
4 5 48
0 28 7
2 75 35
5 70 75
5 67 17
5 54 7
4 19 13
4 8 29
4 45 11
0 53 10
5 30 1
2 40 55
3 25 63
0 39 15
5 46 16
0 36 13
4 45 73
5 72 28
5 63 62
5 48 23
4 8 64
5 25 35
5 41 9
5 54 13
5 58 71
4 16 60
4 23 16
4 34 19
4 21 53
3 35 53
5 66 16
4 57 13
5 76 21
4 14 80
2 59 54
4 79 9
3 52 79
4 71 4
5 47 4
4 57 28
4 13 54
4 27 58
4 45 5
4 50 72
5 19 40
5 42 13
5 58 73
2 33 32
5 15 31
4 24 64
5 78 26
4 25 42
4 74 25
3 47 26
0 55 16
5 14 69
4 18 46
5 47 13
5 18 79
4 9 46
1 54 80
5 54 25
5 46 6
0 64 7
4 63 35
3 66 27
4 34 3
4 18 35
5 0 49
5 50 56
5 1 40
0 6 40
5 10 62
4 22 30
5 17 40
2 3 47
2 45 70
5 71 73
5 55 5
4 59 13
5 80 25
5 68 13
4 6 36
4 66 25
4 5 16
4 49 9
4 73 7
4 9 25
4 40 73
4 14 55
5 29 17
2 59 32
5 57 34
5 78 17
5 16 23
5 19 45
0 67 10
5 6 63
5 4 27
5 7 19
5 68 1
5 35 78
4 40 56
4 24 53
4 38 24
4 6 76
4 71 7
5 11 69
5 68 19
5 2 45
4 34 5
5 29 5
5 30 13
5 13 57
4 2 41
4 8 67
5 43 17
5 67 14
5 60 20
4 40 75
5 42 1
4 69 5
4 24 76
4 59 16
