4 0 48
4 0 60
4 0 64
2 1 6
4 1 13
2 1 22
2 1 34
2 1 45
4 1 51
2 1 57
4 1 71
2 1 74
4 2 22
3 3 21
3 3 33
2 5 6
2 5 34
4 5 45
4 5 57
2 5 71
4 5 74
3 6 8
3 6 18
3 6 20
3 6 27
3 7 12
3 7 31
4 7 45
3 7 61
5 8 12
5 8 31
5 8 52
5 8 55
5 8 68
5 8 78
5 9 12
3 9 23
5 9 26
5 9 31
3 9 49
5 9 52
5 9 55
5 9 61
3 9 65
5 9 68
3 9 75
5 9 78
5 10 12
5 10 26
5 10 31
5 10 36
5 10 44
5 10 49
5 10 52
5 10 55
5 10 61
5 10 65
5 10 68
5 10 75
5 10 78
4 12 20
4 12 27
2 12 30
4 12 35
4 12 38
4 12 44
4 12 47
2 12 50
2 12 63
4 12 64
4 12 77
5 13 26
5 13 27
5 13 61
3 14 44
5 14 49
3 14 61
5 14 65
5 14 75
4 15 19
4 15 22
4 15 45
4 15 71
4 18 34
2 18 71
3 19 26
3 19 44
3 19 46
5 19 49
3 19 61
5 19 65
5 19 75
5 20 31
5 20 52
5 20 55
4 20 57
5 20 68
5 20 78
4 21 43
4 21 45
5 22 35
5 22 36
5 22 44
4 23 34
4 23 40
4 23 45
4 23 51
2 23 57
4 23 71
4 23 74
4 26 27
2 26 43
4 26 47
2 26 60
4 26 64
4 26 77
3 27 31
4 27 34
4 27 45
3 27 52
3 27 55
4 27 57
3 27 68
4 27 71
3 27 78
2 28 71
3 29 36
3 29 49
5 29 61
3 29 65
3 29 75
5 30 31
5 30 52
5 30 55
5 30 68
5 30 78
4 31 35
4 31 38
4 31 44
4 31 47
2 31 50
2 31 63
4 31 64
4 31 77
4 33 45
3 34 44
5 35 36
3 35 52
3 35 55
4 35 57
3 35 68
3 35 78
4 36 50
2 36 57
4 36 60
4 36 63
2 36 73
5 38 52
5 38 55
5 38 68
5 38 78
3 40 44
5 40 49
5 40 65
5 40 75
3 41 61
5 43 46
4 44 45
3 44 52
3 44 55
4 44 57
3 44 68
4 44 74
3 44 78
3 47 52
3 47 55
3 47 68
3 47 78
2 49 51
2 49 57
4 49 71
2 49 74
5 50 52
5 50 55
5 50 68
5 50 78
5 51 61
5 51 75
2 52 60
2 52 63
4 52 64
4 52 77
2 55 60
2 55 63
4 55 64
4 55 77
5 57 65
5 57 75
5 60 68
5 60 78
4 61 64
4 61 71
4 61 80
5 63 68
5 63 78
3 64 68
3 64 78
2 65 71
2 65 74
4 68 77
5 71 75
5 74 75
3 77 78
