0 9 1 2 3 4 5 6 7 8 9
1 9 1 2 3 4 5 6 7 8 9
2 9 1 2 3 4 5 6 7 8 9
3 9 1 2 3 4 5 6 7 8 9
4 9 1 2 3 4 5 6 7 8 9
5 9 1 2 3 4 5 6 7 8 9
6 9 1 2 3 4 5 6 7 8 9
7 9 1 2 3 4 5 6 7 8 9
8 9 1 2 3 4 5 6 7 8 9
9 9 1 2 3 4 5 6 7 8 9
10 9 1 2 3 4 5 6 7 8 9
11 9 1 2 3 4 5 6 7 8 9
12 9 1 2 3 4 5 6 7 8 9
13 9 1 2 3 4 5 6 7 8 9
14 9 1 2 3 4 5 6 7 8 9
15 9 1 2 3 4 5 6 7 8 9
16 9 1 2 3 4 5 6 7 8 9
17 9 1 2 3 4 5 6 7 8 9
18 9 1 2 3 4 5 6 7 8 9
19 9 1 2 3 4 5 6 7 8 9
20 9 1 2 3 4 5 6 7 8 9
21 9 1 2 3 4 5 6 7 8 9
22 9 1 2 3 4 5 6 7 8 9
23 9 1 2 3 4 5 6 7 8 9
24 9 1 2 3 4 5 6 7 8 9
25 9 1 2 3 4 5 6 7 8 9
26 9 1 2 3 4 5 6 7 8 9
27 9 1 2 3 4 5 6 7 8 9
28 9 1 2 3 4 5 6 7 8 9
29 9 1 2 3 4 5 6 7 8 9
30 9 1 2 3 4 5 6 7 8 9
31 9 1 2 3 4 5 6 7 8 9
32 9 1 2 3 4 5 6 7 8 9
33 9 1 2 3 4 5 6 7 8 9
34 9 1 2 3 4 5 6 7 8 9
35 9 1 2 3 4 5 6 7 8 9
36 9 1 2 3 4 5 6 7 8 9
37 9 1 2 3 4 5 6 7 8 9
38 9 1 2 3 4 5 6 7 8 9
39 9 1 2 3 4 5 6 7 8 9
40 9 1 2 3 4 5 6 7 8 9
41 9 1 2 3 4 5 6 7 8 9
42 9 1 2 3 4 5 6 7 8 9
43 9 1 2 3 4 5 6 7 8 9
44 9 1 2 3 4 5 6 7 8 9
45 9 1 2 3 4 5 6 7 8 9
46 9 1 2 3 4 5 6 7 8 9
47 9 1 2 3 4 5 6 7 8 9
48 9 1 2 3 4 5 6 7 8 9
49 9 1 2 3 4 5 6 7 8 9
50 9 1 2 3 4 5 6 7 8 9
51 9 1 2 3 4 5 6 7 8 9
52 9 1 2 3 4 5 6 7 8 9
53 9 1 2 3 4 5 6 7 8 9
54 9 1 2 3 4 5 6 7 8 9
55 9 1 2 3 4 5 6 7 8 9
56 9 1 2 3 4 5 6 7 8 9
57 9 1 2 3 4 5 6 7 8 9
58 9 1 2 3 4 5 6 7 8 9
59 9 1 2 3 4 5 6 7 8 9
60 9 1 2 3 4 5 6 7 8 9
61 9 1 2 3 4 5 6 7 8 9
62 9 1 2 3 4 5 6 7 8 9
63 9 1 2 3 4 5 6 7 8 9
64 9 1 2 3 4 5 6 7 8 9
65 9 1 2 3 4 5 6 7 8 9
66 9 1 2 3 4 5 6 7 8 9
67 9 1 2 3 4 5 6 7 8 9
68 9 1 2 3 4 5 6 7 8 9
69 9 1 2 3 4 5 6 7 8 9
70 9 1 2 3 4 5 6 7 8 9
71 9 1 2 3 4 5 6 7 8 9
72 9 1 2 3 4 5 6 7 8 9
73 9 1 2 3 4 5 6 7 8 9
74 9 1 2 3 4 5 6 7 8 9
75 9 1 2 3 4 5 6 7 8 9
76 9 1 2 3 4 5 6 7 8 9
77 9 1 2 3 4 5 6 7 8 9
78 9 1 2 3 4 5 6 7 8 9
79 9 1 2 3 4 5 6 7 8 9
80 9 1 2 3 4 5 6 7 8 9
