CL,Tot_q,top_lvl_q,genacq_q,gen_q,fs_q,fc_q,avg|q|,avg_t,max_t,tot_t,conv,init_bias,init_cl,learned_global_cstrs,type
810,26,19,34,19,7,0,1.0,1.2947,8.3284,33.6621,1,954,0,34,pl_al_genacq
774,4747,774,0,735,3973,0,1.0,0.2978,1.3296,1413.8765,1,954,0,34,pl_al_genacq
783,4824,783,0,744,4041,0,1.0,0.2994,1.3979,1444.184,1,954,0,34,pl_al_genacq
740,4058,740,0,701,3318,0,1.0,0.3171,1.3111,1286.8027,1,954,0,34,pl_al_genacq
831,19,19,0,19,0,0,1.0,1.3148,1.4657,24.9818,1,954,831,34,pl_al_genacq
761,4737,761,0,722,3976,0,1.0,0.2951,1.3437,1397.7867,1,954,0,34,pl_al_genacq
769,4722,769,0,730,3953,0,1.0,0.3008,1.3394,1420.5599,1,954,0,34,pl_al_genacq
31,81,31,0,19,50,0,1.0,0.0437,0.0877,3.5427,1,954,0,34,pl_al_genacq
31,81,31,0,19,50,0,1.0,0.0436,0.0897,3.5313,1,954,0,34,pl_al_genacq
31,81,31,0,19,50,0,1.0,0.0431,0.079,3.4939,1,954,0,34,pl_al_genacq
31,81,31,0,19,50,0,1.0,0.0431,0.0792,3.4891,1,954,0,34,pl_al_genacq
31,81,31,0,19,50,0,1.0,0.0434,0.0797,3.5174,1,954,0,34,pl_al_genacq
32,84,32,0,20,52,0,1.0,0.0444,0.0868,3.7319,1,954,0,35,pl_al_genacq
810,24,17,35,17,7,0,1.0,1.0212,4.9298,24.509,1,954,0,35,pl_al_genacq
