5 10 65
3 58 62
3 32 28
5 44 75
0 57 51
3 27 63
3 46 69
5 35 60
2 52 42
4 45 25
3 68 11
5 47 61
5 4 33
2 8 32
4 23 43
3 54 23
3 66 51
0 39 35
4 48 60
4 40 3
5 30 8
5 78 40
0 6 45
3 18 45
3 13 33
4 48 42
2 17 42
2 27 80
3 68 48
3 54 61
4 49 54
4 76 32
4 35 68
0 66 8
0 80 38
0 52 20
0 68 72
0 77 47
0 33 7
2 46 47
2 71 67
5 30 79
5 25 12
4 27 16
0 50 61
3 13 37
4 26 66
2 39 36
0 38 67
2 45 22
2 58 47
0 68 34
4 28 66
3 36 52
4 71 46
0 25 71
3 25 59
0 21 27
2 69 41
3 80 5
0 7 69
5 60 28
5 42 56
0 34 38
3 7 31
2 49 16
0 34 13
0 41 26
2 55 80
5 30 64
4 38 25
3 44 37
5 80 34
3 68 5
5 20 34
0 45 67
5 79 49
2 33 76
0 15 34
5 53 3
0 28 69
0 58 43
5 80 6
3 68 60
4 9 68
4 19 80
3 42 52
0 59 36
0 26 36
0 42 21
2 59 54
4 37 25
2 37 43
3 30 15
3 44 40
4 16 35
2 31 70
0 39 9
3 39 33
0 27 24
5 48 65
4 11 30
5 47 21
0 78 52
4 69 74
3 30 50
5 48 63
0 19 79
5 68 62
2 29 53
4 8 66
3 58 69
4 51 27
5 64 38
3 70 40
2 58 41
5 71 27
0 45 42
1 66 41
0 52 72
4 34 55
1 50 28
4 69 43
0 7 63
3 24 49
5 4 51
5 8 40
4 8 64
0 36 55
5 26 34
0 39 34
4 5 54
0 71 40
2 55 46
0 3 68
4 39 7
5 42 45
2 43 47
0 24 47
2 14 42
4 71 25
3 28 33
4 63 52
4 77 36
3 50 71
5 13 45
3 22 34
5 64 36
4 0 47
0 67 16
4 19 47
0 76 29
5 64 39
5 46 35
5 66 15
5 76 38
5 32 62
4 62 30
3 63 45
3 54 52
5 46 43
2 69 33
4 52 10
0 4 65
0 57 71
3 66 31
4 8 29
5 64 76
3 50 77
4 45 30
5 60 34
0 65 22
0 55 31
0 36 31
3 36 62
5 21 34
0 48 61
4 69 53
0 36 51
2 51 29
4 67 53
2 40 33
2 33 47
5 6 65
2 52 48
4 2 80
2 31 72
4 59 47
0 7 37
4 78 30
5 12 34
4 36 66
5 16 40
0 42 77
5 35 20
0 67 3
4 69 9
3 44 31
2 26 42
2 38 68
4 29 66
5 68 2
0 25 44
3 10 33
3 48 27
2 64 68
0 76 33
4 68 54
1 67 48
4 14 53
4 61 41
4 62 28
2 31 50
4 17 41
3 64 23
5 54 8
3 30 57
2 49 4
0 40 51
4 55 42
3 41 59
5 26 40
4 69 49
5 79 33
5 39 59
3 30 9
4 28 25
2 62 25
0 68 37
4 26 68
5 42 29
4 31 25
5 35 77
5 41 21
4 49 78
5 37 69
2 65 64
5 66 20
3 47 16
0 64 33
5 62 52
0 30 62
3 50 45
4 45 11
2 50 47
2 63 30
0 79 50
3 60 49
4 65 58
4 45 5
5 68 38
4 79 68
0 41 57
0 36 56
2 77 78
0 5 36
4 78 25
2 17 53
5 22 33
2 34 16
3 39 65
5 70 51
0 56 53
3 46 50
5 67 33
0 9 80
4 33 0
5 54 12
3 66 28
0 0 69
4 62 31
0 44 77
0 0 30
2 34 51
3 25 37
0 30 74
2 63 29
0 71 30
5 62 65
4 34 72
4 51 28
5 58 51
2 59 29
2 20 68
0 54 39
2 17 32
5 41 18
2 70 67
5 64 59
4 57 41
0 66 62
0 45 78
2 37 71
2 76 68
4 27 22
1 32 64
4 49 10
5 80 40
2 45 66
0 79 28
1 45 69
5 41 72
4 69 40
5 64 21
2 76 54
0 42 28
0 46 17
2 5 80
0 57 35
2 44 53
5 47 58
4 31 42
2 8 53
2 23 54
4 77 39
4 59 25
5 60 29
5 47 5
0 54 76
2 55 36
2 43 32
5 46 70
0 45 58
5 53 21
0 15 30
4 59 53
2 75 30
5 42 61
0 8 54
3 78 28
5 66 49
3 64 71
4 12 64
3 53 39
3 46 36
4 43 48
0 39 68
2 45 28
3 50 39
0 5 64
4 63 50
0 62 13
3 28 31
0 54 49
2 49 22
3 68 17
5 71 59
4 73 68
2 73 36
0 35 47
3 46 76
5 43 45
2 69 6
0 28 53
5 46 23
5 25 57
4 33 9
5 48 70
0 12 71
2 23 36
3 29 65
2 40 29
0 62 73
4 8 42
0 34 36
2 8 36
3 54 34
4 55 68
3 30 78
5 79 45
5 29 51
5 63 31
0 30 46
3 30 28
2 45 7
4 3 47
4 62 43
4 47 30
5 79 65
1 27 39
0 47 67
5 29 63
2 8 41
0 30 11
5 16 62
0 67 30
0 52 80
5 78 27
3 42 3
0 43 28
3 42 14
5 30 42
5 64 34
2 38 72
3 60 38
2 70 66
4 16 46
0 6 54
0 68 16
0 69 47
2 52 7
0 2 67
3 47 64
4 73 25
3 28 62
4 72 66
5 60 43
0 75 32
4 31 46
0 55 66
0 65 51
4 67 60
4 69 34
3 78 44
4 8 30
4 5 60
5 10 69
2 16 25
5 4 57
2 14 30
4 57 46
4 38 52
3 54 27
2 12 42
0 22 37
0 47 15
5 72 71
0 30 51
0 13 38
5 43 63
1 52 63
5 53 14
3 80 26
4 59 48
4 63 38
3 78 73
4 49 64
0 45 71
0 8 70
0 67 62
2 79 80
2 34 80
2 59 30
0 77 25
3 64 48
4 43 29
3 31 34
4 75 43
0 31 2
0 7 38
0 33 1
5 78 23
5 19 34
0 68 51
0 39 67
0 64 42
3 35 67
0 17 76
3 48 40
4 25 54
4 37 52
5 46 26
4 12 25
3 25 62
2 52 66
0 75 42
2 14 32
4 29 60
2 14 41
0 14 36
3 71 63
5 41 28
2 78 54
2 55 53
5 71 51
0 67 80
0 53 73
2 77 72
4 75 54
3 36 27
2 71 70
3 80 14
0 62 16
2 28 48
5 7 59
5 0 65
3 47 76
0 18 64
2 38 42
5 48 14
0 8 68
2 70 29
0 6 49
0 21 51
2 21 66
0 65 50
0 59 38
3 70 39
0 5 42
2 33 78
0 45 35
5 61 65
0 22 38
2 28 80
0 46 40
0 31 56
2 37 60
5 54 38
4 59 16
4 25 47
0 43 74
3 41 33
4 29 42
3 30 0
0 30 26
1 38 31
3 54 50
5 67 44
0 53 54
3 32 69
0 12 43
5 51 31
2 26 46
0 37 6
3 53 40
0 9 40
2 21 46
4 2 41
2 48 32
0 15 29
2 33 32
0 62 42
5 58 65
2 62 36
5 18 33
3 63 69
5 76 69
5 47 71
3 78 63
0 62 72
3 46 45
3 60 40
4 9 35
0 2 52
4 21 53
4 38 62
3 47 51
3 70 69
0 51 18
0 53 41
3 64 50
4 0 46
0 30 5
0 58 17
3 64 27
5 37 33
3 30 56
4 61 47
3 25 27
0 46 44
2 40 63
4 47 80
0 69 54
3 35 49
3 48 45
2 69 0
0 28 23
4 33 39
4 13 54
4 43 66
5 10 49
2 37 46
0 76 37
0 19 53
0 1 66
4 68 30
0 46 32
4 6 35
2 34 50
3 41 75
5 35 12
0 35 58
3 25 29
0 65 78
0 63 33
4 31 47
2 44 43
0 36 71
5 29 40
3 68 28
0 9 31
0 40 47
5 41 74
5 62 33
0 42 27
4 39 28
2 49 80
4 76 64
3 47 33
0 68 6
5 30 69
3 44 69
2 63 54
4 32 53
2 49 53
2 37 62
4 40 10
4 72 30
3 80 9
4 37 72
5 72 70
2 77 28
0 26 54
2 17 35
4 17 47
4 37 67
5 19 69
0 66 5
4 79 35
5 30 73
4 37 30
0 49 72
0 47 8
4 31 64
1 52 38
0 53 68
4 15 80
2 63 71
2 46 68
5 68 31
4 72 46
4 45 56
0 49 36
0 54 79
0 33 16
0 63 40
2 63 58
4 71 58
5 36 69
0 40 60
3 30 44
0 33 74
0 23 80
5 68 0
4 7 30
2 59 72
0 64 47
0 3 27
2 71 53
3 30 40
2 44 67
4 11 46
0 45 79
2 27 47
3 35 51
3 31 69
4 63 43
2 38 46
5 3 40
3 53 48
4 40 8
5 48 73
5 56 40
2 71 41
4 45 4
0 64 9
2 37 27
0 79 67
4 63 78
2 38 58
1 38 63
5 53 12
4 31 6
0 14 25
5 66 24
0 13 26
0 51 17
5 54 14
0 80 36
0 29 41
5 30 16
2 75 68
4 44 46
4 33 72
5 39 45
0 21 67
4 40 55
0 42 65
3 9 34
0 31 57
3 4 52
0 3 71
3 30 60
0 49 55
4 47 54
4 26 48
1 42 30
3 27 31
4 69 2
4 67 78
0 41 70
1 80 54
2 60 68
3 35 69
0 79 31
0 68 55
0 53 23
5 60 44
2 21 68
4 12 53
4 45 20
3 25 23
4 45 19
5 43 26
2 43 64
3 24 69
3 46 63
0 35 10
2 40 22
3 27 40
4 34 58
0 16 75
0 45 60
3 32 33
4 40 70
0 7 28
0 62 51
0 70 77
5 60 50
3 42 51
4 32 66
4 72 42
5 27 77
0 19 35
4 31 7
3 68 53
2 33 62
4 14 48
5 24 52
4 79 54
2 14 80
4 27 7
3 80 78
4 34 68
0 58 52
1 31 52
4 38 70
0 33 20
2 23 35
4 62 47
0 18 42
0 47 0
0 63 60
0 0 80
0 20 49
4 26 30
4 53 36
2 75 78
0 42 12
5 53 70
4 30 54
0 66 36
0 14 66
2 28 60
4 34 60
0 48 28
2 44 29
2 49 43
4 65 49
3 54 73
3 42 70
5 49 65
0 9 47
0 3 51
4 24 41
5 3 45
2 36 42
2 63 66
2 62 41
0 66 37
0 35 54
2 43 54
3 76 49
0 74 53
4 59 44
3 41 36
3 46 55
4 2 35
3 68 46
5 41 46
5 67 17
3 24 45
0 50 78
0 45 15
3 38 33
0 66 53
4 33 67
5 22 63
3 60 27
5 64 14
3 50 65
4 70 53
0 48 71
5 66 14
3 64 31
0 33 40
2 70 36
4 26 47
2 37 10
0 66 33
0 25 40
3 43 77
3 30 20
0 53 30
0 53 18
3 16 38
5 29 71
5 21 45
5 56 69
0 47 78
5 21 40
0 32 47
5 42 8
0 4 69
4 49 62
2 38 80
5 46 67
3 67 63
3 46 31
3 68 8
3 10 40
0 53 1
0 49 38
2 63 46
2 40 80
2 45 31
0 37 4
3 54 71
4 26 67
0 63 47
4 55 41
4 73 47
4 8 47
3 25 31
5 66 44
2 27 29
5 67 29
5 35 78
1 40 34
2 44 42
3 32 34
5 54 32
3 70 45
0 69 13
2 77 70
5 22 69
3 78 51
3 64 51
4 64 53
5 20 40
3 80 48
4 1 25
4 23 78
2 37 22
3 38 69
3 42 75
0 52 54
5 55 45
2 65 70
0 69 31
0 78 38
3 13 49
0 53 55
5 80 43
3 35 28
4 51 58
0 59 31
0 38 60
5 43 27
0 1 61
0 68 15
2 70 68
3 46 75
3 46 62
4 3 64
5 39 77
5 41 6
2 28 42
3 29 59
0 18 38
4 77 71
4 33 4
2 6 42
2 64 35
0 72 53
2 45 24
5 17 45
2 23 25
5 64 17
0 54 51
4 73 48
2 37 15
4 43 78
3 47 27
4 80 30
0 48 15
0 66 29
0 15 40
1 28 70
4 33 10
2 8 46
5 68 1
2 43 36
0 52 18
4 49 33
4 69 55
3 7 52
3 54 45
0 55 79
0 77 46
0 1 44
0 42 55
4 17 29
3 29 62
4 49 63
2 73 80
5 71 37
0 45 70
4 13 42
0 15 39
3 30 23
4 45 76
2 69 7
3 76 63
5 41 66
3 47 40
3 53 50
4 48 35
2 31 30
2 34 24
3 42 69
0 64 8
2 49 68
0 27 57
2 17 80
5 68 61
5 46 8
0 31 43
3 66 32
4 63 53
3 78 34
0 61 44
4 69 17
0 76 62
3 25 73
4 59 70
4 46 66
2 17 64
0 68 21
5 4 77
0 69 22
3 25 34
2 65 62
0 27 68
4 63 62
4 61 68
0 3 35
2 63 27
0 80 59
1 44 50
0 42 74
0 47 6
0 10 32
3 51 40
0 16 49
0 15 65
0 37 53
4 46 42
0 56 52
0 80 50
4 69 12
2 62 53
0 70 55
5 35 11
5 52 40
4 65 6
2 61 30
5 23 40
5 46 2
2 49 31
5 25 60
4 76 35
2 24 80
4 34 65
5 46 5
4 33 37
3 60 63
3 64 26
0 40 53
0 66 17
0 71 42
2 78 68
0 50 36
0 28 63
0 37 35
5 11 69
0 54 31
5 46 74
2 40 72
4 49 35
5 80 2
2 33 64
2 69 18
3 67 45
0 74 36
3 47 2
0 37 78
2 75 35
3 36 49
0 41 64
4 51 80
3 30 38
3 30 61
0 33 46
2 33 63
5 78 50
2 65 35
0 36 70
0 55 25
3 72 49
4 20 66
0 54 37
2 69 38
0 29 13
2 28 68
5 80 31
0 48 22
5 18 69
4 69 28
4 57 32
3 42 39
5 35 57
2 16 42
5 30 10
2 16 54
1 48 29
0 18 34
3 42 76
2 27 78
0 69 48
5 32 36
0 67 7
2 36 30
3 47 3
2 38 50
4 33 71
0 19 49
0 5 28
3 53 34
5 35 14
5 4 63
4 49 6
0 36 67
0 54 2
0 32 44
5 46 15
4 34 73
0 65 1
0 19 78
5 66 6
3 46 21
0 8 27
0 30 45
4 73 60
0 24 59
0 52 55
5 4 45
4 23 29
5 74 34
3 29 45
2 52 30
0 33 13
5 46 9
2 52 16
0 6 73
5 67 73
0 42 67
2 31 13
0 54 77
3 67 50
1 45 34
0 47 14
0 16 29
4 17 43
0 51 70
5 41 20
3 28 39
4 31 80
5 32 63
5 42 4
2 49 39
3 60 51
5 32 8
0 12 29
5 34 40
4 62 50
5 25 28
4 49 28
4 75 50
5 42 71
0 62 48
4 45 8
0 63 11
0 53 31
4 50 44
0 50 67
0 34 9
2 50 42
5 53 5
3 68 35
0 28 26
4 31 10
4 45 17
4 39 46
2 12 30
2 33 48
0 51 37
3 30 75
2 27 60
4 69 52
2 63 7
4 3 41
0 52 64
3 54 18
4 71 13
2 45 46
2 43 25
2 34 78
3 66 34
0 35 36
5 72 69
4 70 54
3 43 65
3 54 46
3 80 45
0 50 26
2 49 15
5 64 62
3 54 74
1 53 64
5 66 40
0 79 48
5 47 26
3 47 23
2 21 41
0 10 79
0 2 37
2 11 80
5 13 57
3 52 33
0 17 63
3 41 43
0 62 0
3 66 21
0 40 54
3 48 34
2 0 42
0 60 77
0 49 44
5 22 62
2 67 35
5 30 59
5 14 45
5 35 23
2 40 25
5 7 51
5 70 50
2 34 42
0 57 63
0 54 43
3 27 52
2 63 39
5 53 69
3 80 3
0 16 48
4 28 72
3 35 8
3 54 70
5 20 45
0 70 47
5 30 72
5 35 59
2 37 32
0 47 60
5 54 22
4 65 25
0 27 17
5 27 69
0 73 38
5 66 73
2 44 32
0 32 45
4 32 80
4 37 50
0 0 64
0 62 45
0 68 73
0 76 52
4 55 43
4 70 41
0 10 66
0 52 57
5 0 37
5 68 25
4 34 20
2 41 54
1 46 41
4 49 27
4 5 46
5 28 52
5 30 65
5 22 27
0 34 46
3 68 18
5 6 38
0 30 36
2 66 30
0 71 47
5 36 76
4 65 80
2 37 24
2 50 66
2 36 54
0 12 80
0 49 34
5 29 8
5 15 31
2 40 67
0 55 30
2 65 15
0 25 67
2 33 52
5 42 62
2 52 76
0 18 68
5 35 16
5 80 15
2 40 6
5 35 55
0 63 37
3 36 26
0 41 3
3 78 45
5 41 79
1 80 68
4 69 27
2 39 53
4 77 44
4 65 10
0 69 25
0 49 24
0 17 31
5 7 77
1 30 47
0 76 42
0 71 32
5 80 29
3 43 71
4 14 64
4 29 68
3 44 71
3 53 27
0 38 9
3 47 18
5 17 34
5 64 58
2 2 42
3 30 12
1 42 68
5 72 51
4 39 72
5 50 75
4 50 54
5 72 62
5 18 37
0 25 50
0 76 34
5 46 56
5 7 71
0 30 2
0 35 40
2 46 80
4 56 68
3 66 76
5 32 58
0 67 51
0 2 33
0 67 61
0 29 79
5 13 52
4 15 66
2 18 54
1 39 51
0 37 80
0 13 8
5 6 37
0 34 67
0 31 44
3 35 70
0 44 78
3 30 37
5 51 63
1 71 39
3 24 40
5 36 14
3 25 21
4 19 42
0 42 20
5 68 56
0 27 44
0 19 66
4 53 66
5 66 26
4 69 58
2 49 70
3 47 65
3 47 44
0 68 45
4 40 73
0 29 6
2 62 71
1 34 69
4 48 36
4 50 64
4 59 22
2 34 15
0 41 1
0 48 76
0 47 72
4 58 64
0 65 34
4 67 42
4 26 32
0 30 77
2 48 54
2 73 41
5 71 38
2 34 0
4 38 54
5 64 29
3 46 71
5 54 30
5 58 63
0 67 28
3 49 40
4 69 4
5 28 71
1 35 46
2 34 52
5 42 64
4 1 42
3 44 51
0 32 1
3 64 77
5 36 50
2 38 22
5 54 41
2 27 41
4 33 18
0 29 54
5 25 78
2 37 16
5 70 38
2 34 6
2 23 32
3 76 77
5 44 70
0 29 49
2 63 32
0 63 4
3 30 53
5 29 43
2 65 53
3 76 65
4 58 35
5 80 4
5 13 65
0 37 48
3 47 32
2 73 32
4 17 60
4 43 68
4 49 79
0 33 68
0 20 62
4 68 80
2 5 66
4 6 68
2 40 52
0 69 37
4 61 66
0 62 39
2 51 54
5 41 62
4 69 73
1 28 44
5 47 79
5 41 73
2 17 54
1 31 62
4 27 64
0 28 16
3 30 55
0 52 36
0 29 3
3 35 37
4 74 68
2 33 66
5 65 40
4 44 64
5 28 40
0 52 11
0 17 68
4 16 66
0 58 46
3 78 59
2 45 33
0 66 27
3 64 75
3 62 69
2 70 42
0 16 47
0 29 50
5 42 1
0 80 24
0 50 16
3 46 65
0 41 10
3 29 33
0 64 43
2 49 42
3 50 37
3 10 45
4 40 17
5 66 2
2 79 42
5 60 39
2 36 41
4 15 68
5 24 62
5 68 33
3 42 60
0 35 1
5 80 39
4 65 48
4 31 53
0 48 11
0 67 41
0 48 4
2 70 35
3 42 36
5 46 33
0 33 54
3 54 75
2 56 80
2 67 46
5 25 53
3 68 59
4 71 4
0 67 15
5 22 71
3 30 43
4 34 11
4 62 10
2 45 47
2 73 54
4 69 23
3 78 49
5 18 65
0 76 8
4 34 71
0 9 71
4 40 79
3 60 45
3 70 71
5 57 34
3 68 26
5 33 49
5 68 4
3 68 65
3 30 14
0 51 72
0 21 80
2 71 43
4 41 80
4 73 43
0 27 48
2 31 32
4 69 14
0 62 7
2 49 41
0 14 46
0 6 40
5 35 66
5 54 33
2 45 64
0 69 35
5 68 43
4 5 29
3 35 48
4 58 32
2 45 80
0 9 42
0 44 10
3 29 69
5 8 45
4 4 54
2 40 46
2 43 80
5 54 78
0 28 54
0 80 64
0 31 60
2 63 64
4 77 48
5 69 45
4 50 72
5 4 71
5 29 23
2 67 36
2 71 72
3 80 27
5 35 38
0 53 10
0 41 55
4 45 2
0 63 2
4 63 25
3 54 26
3 47 41
5 35 0
4 45 23
3 70 49
5 50 38
2 74 80
2 35 80
4 45 62
5 47 69
1 48 43
0 18 31
0 30 70
4 37 0
0 37 11
3 62 37
0 74 32
2 65 44
5 41 16
0 75 25
4 39 25
0 51 38
5 26 45
3 47 24
0 34 64
0 55 24
0 63 44
0 43 59
0 52 37
0 8 58
2 9 30
5 54 29
5 60 65
0 35 65
2 45 29
2 63 76
4 79 30
3 25 70
2 77 54
2 6 30
2 50 30
5 31 65
4 52 28
5 30 71
3 29 44
0 65 31
2 70 48
0 72 38
4 6 46
0 17 4
3 13 40
4 70 32
5 42 26
0 31 26
5 49 37
3 33 69
5 66 11
5 0 33
4 72 47
5 32 17
4 51 76
5 29 14
4 40 65
4 19 54
5 42 2
5 73 34
4 57 4
3 25 16
5 47 42
5 28 65
4 51 16
0 2 48
5 58 39
2 65 39
3 54 44
3 48 59
0 61 40
0 77 29
5 16 37
0 55 15
2 66 47
4 16 30
2 33 15
4 45 14
2 69 76
4 23 47
0 35 5
5 25 69
0 75 64
4 3 54
3 47 48
4 31 51
3 43 70
1 43 67
5 74 45
2 71 54
4 40 77
3 54 9
5 46 72
3 54 17
2 52 4
0 42 16
5 48 77
2 17 36
4 4 68
5 42 9
4 38 66
2 72 80
4 45 74
2 65 72
3 35 71
2 40 39
5 35 76
4 69 46
5 7 45
3 41 45
0 10 36
5 11 40
5 72 50
5 27 49
0 53 59
0 9 62
2 53 35
0 59 42
3 35 21
0 63 35
3 10 9
3 68 36
4 31 54
5 66 46
0 44 23
5 43 5
0 50 73
0 38 57
4 44 54
2 75 66
4 21 32
0 11 49
5 42 46
4 40 15
0 9 53
0 65 41
2 46 30
3 64 45
4 39 4
4 37 54
5 78 5
4 37 13
5 62 63
0 24 71
0 0 32
5 46 78
0 77 43
2 37 66
3 41 63
0 72 59
0 31 20
2 77 32
4 62 15
0 43 4
4 42 54
0 63 79
2 62 67
0 41 8
3 46 51
3 80 73
4 68 47
4 36 64
3 68 39
0 5 47
5 72 40
2 52 39
4 80 42
0 19 50
2 37 76
0 72 37
4 69 11
2 69 79
5 48 5
3 39 38
5 22 57
5 46 60
0 3 46
1 42 80
4 10 42
0 37 20
2 23 42
4 6 47
0 29 7
4 65 61
0 50 8
4 5 43
3 72 39
5 36 5
2 40 24
0 74 37
2 37 51
3 44 33
4 57 25
4 29 78
0 19 33
5 32 57
2 44 35
0 27 67
5 35 18
5 16 59
2 51 53
3 46 12
4 15 41
5 59 45
4 39 58
5 28 59
4 45 1
2 48 68
3 33 45
3 4 34
0 71 52
5 42 25
5 64 40
5 25 51
3 29 77
0 39 8
0 21 43
3 64 49
5 71 45
4 26 41
5 16 71
0 45 10
4 70 72
5 59 40
0 32 38
5 13 77
3 52 65
5 75 69
0 36 65
2 44 25
2 11 68
0 47 59
5 53 29
2 63 36
5 35 50
5 16 39
5 52 69
5 41 15
3 30 32
3 36 33
0 76 26
5 32 12
5 46 11
0 62 2
3 48 38
0 34 62
0 1 79
4 61 42
4 34 63
0 46 39
2 27 42
0 69 36
5 54 10
3 32 71
3 53 33
2 69 71
0 32 18
5 80 55
4 40 71
5 76 45
3 47 62
5 71 49
0 66 43
4 9 46
0 42 63
2 6 80
3 38 34
0 43 15
3 41 34
0 66 80
2 62 4
5 42 5
3 54 21
4 10 68
3 27 33
4 76 30
2 23 66
5 29 73
0 74 48
0 74 62
2 29 80
3 50 63
4 62 64
3 80 33
2 65 27
4 65 18
2 70 78
5 64 57
5 5 45
0 63 59
5 41 78
5 58 27
4 62 32
2 5 30
0 24 54
5 68 3
3 42 79
3 41 69
5 4 59
3 42 72
2 65 16
2 26 64
5 60 31
2 73 30
0 57 29
3 43 31
5 65 33
5 78 29
5 54 66
0 6 59
5 10 62
0 75 60
0 0 31
4 51 25
0 38 55
0 59 15
5 1 34
0 56 33
0 1 50
5 75 45
3 42 73
0 49 2
3 80 76
2 29 47
0 32 26
2 48 41
0 31 74
4 34 48
4 63 41
5 46 6
2 75 53
0 48 6
4 65 9
4 34 45
3 54 53
2 38 41
3 68 40
0 31 16
3 50 69
4 71 7
3 42 0
2 55 35
3 48 49
2 50 35
4 41 35
5 36 8
2 37 7
4 15 47
4 8 48
3 38 49
4 3 42
4 68 42
4 11 66
0 45 43
3 29 34
4 23 53
5 80 49
3 68 77
0 53 0
5 13 51
0 30 76
3 42 15
4 15 35
2 38 29
0 24 39
2 14 35
0 36 17
4 59 13
0 54 16
4 74 41
4 65 30
3 50 27
0 12 68
4 72 68
3 52 49
2 40 32
2 49 32
3 30 34
0 80 57
0 42 48
4 51 36
0 26 70
0 49 74
2 41 47
3 15 49
5 54 67
3 47 55
4 52 62
2 66 42
0 76 43
5 66 60
4 45 6
0 42 49
3 68 9
2 52 25
3 9 69
2 45 65
0 52 68
5 32 73
4 34 37
4 59 46
5 4 75
5 25 55
0 72 33
3 68 44
3 68 14
5 35 74
3 41 65
5 44 65
3 80 16
5 80 25
0 26 27
5 76 51
4 14 43
3 58 45
4 11 54
4 59 35
2 58 68
0 28 61
3 47 39
5 29 52
0 75 29
4 26 60
3 76 31
3 32 70
5 60 67
3 24 65
0 71 6
3 35 75
2 40 50
4 55 47
5 23 69
4 72 41
0 55 50
5 77 34
5 10 52
0 49 60
4 51 7
0 44 5
5 78 37
0 24 48
5 58 38
4 0 41
4 71 29
2 77 35
2 44 80
0 37 70
3 47 66
5 25 58
2 27 72
4 39 54
3 66 45
0 68 20
3 41 29
5 46 24
4 71 16
0 19 65
0 37 58
3 66 55
4 62 6
2 75 41
3 47 28
2 27 70
5 9 49
5 64 32
4 76 46
0 38 71
0 42 17
5 43 62
5 72 31
0 52 22
5 22 75
0 59 78
4 70 46
5 66 0
3 80 72
0 20 80
0 27 50
0 33 58
3 78 65
3 58 40
4 44 30
2 15 54
2 5 25
0 70 31
5 80 18
0 33 80
4 45 61
2 33 60
2 34 10
3 48 44
0 1 49
5 51 59
2 65 4
0 56 49
4 65 28
4 27 71
4 39 16
4 33 79
5 35 2
0 41 71
3 49 69
4 77 27
3 46 57
4 16 68
3 54 24
3 68 24
0 69 44
5 80 65
3 68 69
0 77 64
2 38 76
1 54 47
5 46 79
4 45 21
3 80 63
4 2 46
2 2 68
2 49 29
2 57 42
3 42 58
5 66 78
3 15 37
0 38 26
0 68 29
3 54 63
4 76 25
2 53 42
4 7 54
0 63 16
4 57 53
0 70 73
4 34 66
0 37 56
0 80 58
5 66 16
0 24 68
0 0 52
2 12 54
0 54 11
2 73 42
5 36 77
4 27 25
5 39 27
4 54 80
5 2 69
4 42 47
2 65 43
3 6 34
2 69 29
3 43 33
5 45 40
5 70 37
0 26 58
2 45 13
5 44 49
5 47 13
2 9 10
2 46 54
2 49 46
5 42 31
0 23 70
4 60 66
4 34 56
0 39 70
5 35 15
5 39 69
0 31 37
0 70 10
5 36 12
5 25 1
3 66 50
3 66 38
2 66 54
4 69 57
5 77 45
4 24 66
4 34 76
2 18 47
5 25 32
4 70 28
3 39 63
4 63 15
5 53 65
0 63 8
3 32 27
0 43 20
5 44 27
4 8 43
3 41 53
4 40 18
0 7 50
3 46 77
0 73 44
0 67 54
5 78 43
3 66 52
4 31 63
3 16 69
5 80 47
5 13 69
0 47 43
2 55 32
4 45 73
4 56 41
4 36 80
2 38 32
4 44 72
5 80 46
0 30 63
2 39 44
0 79 47
4 78 35
5 30 58
5 42 66
4 50 70
5 80 52
0 19 41
3 64 65
5 30 7
0 4 62
0 28 14
0 78 39
2 59 64
4 69 16
0 0 51
4 65 7
0 21 54
4 10 30
3 27 38
0 0 71
5 78 26
3 28 34
3 53 38
4 51 67
4 65 0
5 15 63
0 14 54
0 23 46
0 7 75
5 35 64
3 16 31
0 40 62
5 42 19
5 17 40
2 28 36
0 45 44
3 22 65
5 67 26
3 46 58
4 49 61
5 42 57
3 16 52
3 68 79
5 79 37
0 25 5
4 63 24
0 49 66
5 53 58
5 41 56
2 12 47
4 14 60
0 11 62
0 43 46
5 35 72
2 70 30
2 59 41
4 62 46
5 47 68
4 59 71
2 62 54
2 34 53
2 26 25
2 63 70
0 51 8
3 16 45
3 35 34
5 46 59
5 51 62
5 71 34
3 41 37
0 5 70
0 41 58
5 60 75
2 27 53
0 43 3
4 52 27
0 79 51
4 37 65
3 43 69
4 37 49
2 63 28
4 64 30
5 76 39
4 28 67
4 4 30
3 68 49
0 18 62
4 3 53
4 62 29
3 13 62
3 31 45
4 64 25
5 29 75
5 54 15
5 1 40
5 12 40
3 68 74
4 0 66
2 39 78
4 65 60
5 32 75
4 29 67
4 52 24
0 32 19
5 24 31
0 71 15
2 33 70
4 20 42
3 36 23
0 38 79
3 47 31
0 57 43
4 19 68
3 54 69
5 47 22
2 62 76
1 54 68
4 32 54
3 46 27
4 51 22
4 40 68
4 34 8
2 69 72
4 79 46
5 54 7
0 28 78
4 62 66
5 52 31
3 80 41
3 67 52
2 40 66
0 25 39
3 71 33
3 42 59
5 47 12
3 48 62
5 20 69
2 8 80
0 29 61
2 65 67
0 74 52
0 22 43
4 40 61
4 34 74
4 66 35
2 74 54
5 67 37
5 15 38
0 24 29
0 30 18
0 52 17
2 33 43
3 72 34
5 67 23
3 78 33
0 40 27
2 65 76
5 78 67
2 69 50
5 24 37
0 39 6
4 51 13
3 22 52
2 65 42
4 48 78
3 70 59
4 50 25
0 67 32
0 72 32
2 77 67
3 67 40
4 45 16
5 39 62
3 30 3
5 6 52
0 62 27
5 30 80
0 63 61
0 45 41
0 48 20
0 61 10
5 43 14
5 55 40
5 80 12
5 46 3
4 77 13
4 40 12
3 42 40
4 60 47
3 48 37
0 77 53
5 25 75
3 48 33
4 17 30
2 45 39
2 34 27
3 42 35
4 45 68
4 11 42
0 27 43
2 51 64
4 38 16
2 44 60
0 70 1
3 28 77
0 39 61
0 17 50
4 40 23
4 38 78
5 1 45
0 4 29
5 16 51
5 13 75
2 40 38
4 63 42
2 40 78
3 47 77
5 50 62
4 59 7
2 28 43
5 74 40
0 5 53
3 22 45
4 36 68
0 11 43
0 75 27
4 40 74
4 74 35
0 64 44
2 53 80
4 38 10
3 30 41
4 15 46
5 42 23
0 48 7
0 71 75
2 12 35
5 76 27
4 34 77
5 68 7
0 61 45
4 25 80
5 67 8
4 29 25
0 38 53
5 16 77
2 40 64
0 75 51
4 34 4
5 46 0
3 36 34
2 31 68
4 78 47
5 36 57
4 62 24
2 56 54
5 4 39
4 52 67
3 25 63
2 40 48
0 24 73
0 79 39
5 80 21
3 42 11
5 64 3
5 46 14
5 59 69
2 16 80
4 26 43
5 66 9
4 71 48
5 11 34
2 65 71
2 34 44
4 63 48
2 65 54
4 62 68
4 58 36
5 30 4
4 69 21
4 34 22
4 69 30
5 3 34
3 61 34
5 19 45
2 31 66
5 6 31
2 73 66
0 40 16
0 35 73
0 17 70
4 38 4
0 36 1
5 43 73
4 26 78
5 80 0
2 59 80
0 43 30
4 5 78
5 60 26
5 66 72
5 24 63
3 7 33
4 28 50
4 33 36
5 11 45
4 34 12
5 60 17
4 37 9
4 40 19
2 14 68
5 54 3
4 23 64
4 40 26
4 27 13
3 80 11
4 34 18
5 47 34
5 12 45
5 14 34
5 47 63
5 80 56
4 55 67
4 52 29
0 44 59
0 48 13
4 33 38
4 69 77
0 70 19
5 76 71
5 72 28
3 7 40
4 45 59
5 43 23
5 60 48
0 52 9
3 44 38
2 63 51
3 64 69
0 31 78
5 71 31
4 25 42
5 68 10
4 13 68
0 44 55
4 36 32
5 72 52
3 47 73
0 0 38
4 18 80
5 46 16
5 26 69
4 12 32
0 18 39
5 25 3
2 8 35
0 49 25
4 21 36
2 33 22
5 36 48
5 60 5
2 77 76
4 10 54
3 53 71
3 53 75
5 13 39
0 48 80
2 39 41
0 17 22
4 40 21
2 14 47
0 38 64
3 66 70
4 40 11
4 63 6
2 40 9
3 80 20
0 23 30
0 7 65
5 78 31
3 68 12
0 55 6
2 40 28
4 13 47
4 71 22
2 40 7
5 66 23
4 6 41
4 32 25
2 57 80
2 62 60
4 11 41
5 9 65
2 39 60
5 55 34
0 18 40
4 12 41
2 40 0
0 44 48
0 62 49
4 59 51
0 17 28
3 41 17
3 0 40
5 35 63
4 44 68
3 36 75
4 7 47
5 10 34
5 55 69
5 30 1
2 71 28
0 43 13
2 75 36
4 27 66
4 69 75
0 44 7
0 58 42
4 65 32
0 70 33
2 56 42
0 27 15
4 18 66
4 49 71
5 67 38
5 47 1
0 43 6
2 58 80
0 79 27
2 64 80
4 76 41
4 39 80
1 51 71
5 78 55
2 71 36
5 68 27
2 28 41
4 40 35
5 29 48
5 41 61
0 65 24
0 41 12
5 35 79
3 70 62
0 54 5
5 44 28
5 25 76
0 52 59
3 25 38
0 71 21
0 36 73
1 33 65
0 67 11
4 33 61
3 44 63
3 62 34
3 35 39
2 2 30
0 32 56
4 69 59
3 41 67
0 63 13
4 59 4
0 11 31
3 64 52
4 12 46
3 37 34
4 59 43
3 65 69
4 52 78
0 24 30
2 21 42
2 44 41
2 31 58
4 77 42
3 47 74
5 25 77
4 34 75
4 34 49
0 62 22
0 38 61
5 61 37
2 51 32
0 63 80
0 51 12
0 78 10
0 54 20
4 2 66
5 23 34
4 75 70
3 25 45
3 28 49
2 37 64
5 57 40
2 21 35
2 45 53
5 48 17
4 18 30
4 31 15
2 28 30
4 50 29
3 64 55
1 62 38
2 48 64
0 1 78
2 69 32
5 30 25
0 0 34
5 80 67
5 15 62
4 22 80
5 5 34
5 30 67
4 45 32
0 12 27
0 11 33
3 54 6
4 74 30
2 36 35
2 48 25
5 12 69
5 30 52
4 1 30
4 10 47
4 52 13
5 51 65
2 73 53
4 23 67
0 43 2
0 61 27
3 30 17
5 43 49
0 30 6
4 58 25
2 17 46
5 25 36
5 32 76
5 80 28
2 34 33
4 51 39
4 69 10
5 42 18
1 65 37
0 63 26
3 80 66
5 32 65
2 51 66
0 44 16
4 22 30
0 69 39
4 57 36
4 27 76
5 67 14
2 77 30
5 39 71
5 8 34
2 38 35
5 16 63
4 45 75
3 36 59
2 51 68
4 75 28
0 32 37
4 38 51
5 80 23
5 41 24
5 57 45
5 41 11
4 3 36
2 58 30
1 30 68
4 73 29
5 2 34
0 10 50
0 8 52
0 29 64
5 53 67
0 26 51
4 52 71
3 53 37
4 56 35
4 23 48
1 54 42
4 31 71
4 61 46
3 7 49
5 13 71
0 57 10
0 68 78
4 57 13
3 7 62
3 54 40
3 58 33
5 27 62
5 4 27
5 67 34
5 48 23
4 49 0
0 67 24
5 41 60
5 29 26
5 28 51
4 78 46
4 44 47
3 25 49
0 73 31
4 38 13
4 22 54
0 31 61
4 25 68
5 48 69
2 59 28
4 55 48
3 4 38
2 43 53
5 32 21
4 75 47
4 27 58
4 52 58
4 40 57
3 47 17
3 53 28
5 51 77
2 67 47
4 37 68
3 35 3
4 76 36
5 16 33
0 55 33
4 56 46
5 22 39
4 34 57
2 39 47
2 57 68
5 42 22
0 73 15
1 53 32
4 20 54
5 78 17
4 18 46
4 59 27
5 27 59
0 44 14
0 53 63
2 21 47
5 14 69
5 54 28
3 4 37
0 9 32
0 8 38
5 8 69
4 58 53
5 22 51
5 47 9
4 69 1
0 12 67
3 67 27
2 64 41
4 34 26
2 76 66
0 52 73
4 74 66
5 35 9
4 65 79
0 28 8
5 80 19
5 6 62
3 41 76
5 44 45
5 35 45
2 33 29
5 54 25
5 42 10
2 38 48
4 36 25
5 7 39
5 60 8
0 70 14
0 29 58
4 77 7
0 31 8
0 22 29
5 25 65
2 34 54
0 18 71
0 26 52
5 41 27
5 63 49
2 17 66
5 22 77
5 47 25
0 44 66
4 31 38
4 45 77
4 60 35
0 56 67
0 8 22
3 80 37
0 43 75
5 77 69
0 27 65
3 79 40
4 8 78
2 31 36
4 20 46
0 25 48
0 16 65
5 67 39
4 56 30
4 17 48
0 79 44
4 17 78
4 20 35
3 48 75
4 40 20
0 63 20
0 34 47
4 65 52
0 67 20
4 79 66
0 6 27
4 73 67
0 19 61
3 65 45
2 71 80
4 76 53
4 45 57
5 73 45
5 80 32
4 22 42
0 26 4
4 59 39
5 78 14
5 16 27
5 9 33
4 13 30
4 3 32
2 65 36
0 33 73
5 54 19
5 80 7
4 63 22
5 78 48
4 34 19
5 80 10
4 55 29
5 60 73
0 74 67
0 47 75
5 57 69
2 31 22
5 13 63
2 74 42
4 75 44
2 5 35
2 37 44
4 40 45
4 34 59
4 38 6
4 77 4
4 77 51
4 67 43
3 32 55
5 30 24
5 66 18
4 14 67
5 74 69
4 40 75
4 1 68
0 58 48
4 7 42
2 75 46
2 71 50
5 10 63
5 5 69
4 20 41
4 39 22
5 75 40
4 19 30
5 47 19
4 37 63
4 27 4
4 12 36
0 38 17
5 13 27
4 26 29
5 73 69
4 6 66
5 0 49
5 54 13
4 8 60
4 34 1
2 65 46
4 1 80
4 3 80
4 5 67
4 8 67
4 53 25
5 6 63
5 29 17
4 40 59
4 40 56
5 10 38
3 64 73
4 0 35
4 69 20
4 73 35
5 13 59
4 40 14
1 27 51
0 0 68
5 2 45
5 80 1
2 5 32
5 30 13
4 65 13
4 74 46
5 46 20
5 58 37
2 38 7
1 36 53
4 25 30
5 43 55
2 76 47
5 54 1
4 69 19
4 34 5
5 61 49
3 47 35
4 11 35
5 35 61
5 54 35
4 14 78
4 50 60
4 40 5
5 60 23
5 47 10
4 75 4
4 37 79
4 49 18
5 24 38
5 28 75
0 49 73
3 64 5
5 25 14
5 61 33
4 5 48
4 22 47
5 70 75
4 3 25
5 14 40
2 50 80
4 34 3
5 48 26
4 39 64
5 7 27
5 32 3
4 24 35
5 70 27
4 37 18
5 35 56
5 54 4
4 4 47
5 41 0
3 68 52
5 41 9
5 36 3
5 13 34
5 2 40
5 75 34
0 67 6
0 19 36
3 39 52
4 4 42
5 53 57
4 45 12
5 64 12
0 19 44
5 48 8
4 34 23
5 53 76
5 43 8
2 60 30
5 59 34
5 71 77
5 63 34
0 17 39
4 57 64
5 40 69
4 45 26
4 75 13
0 61 73
2 34 39
4 40 1
4 52 15
4 71 76
5 36 21
2 31 35
5 41 2
5 29 5
4 63 10
5 46 34
2 36 47
5 47 7
3 60 37
0 26 39
4 4 80
3 32 67
4 17 67
2 32 68
4 69 56
5 54 48
0 58 34
4 39 13
4 77 16
5 58 71
4 70 44
4 7 80
4 22 68
5 23 45
5 25 64
5 30 19
5 68 13
2 2 54
4 79 41
5 43 17
2 77 60
5 73 40
3 62 40
0 9 51
4 32 46
4 45 3
3 15 45
4 78 66
4 37 31
4 9 41
2 67 25
0 24 43
4 69 8
3 53 45
0 0 39
5 19 40
0 43 56
4 1 47
5 17 69
5 66 79
4 75 22
5 10 31
4 49 9
3 53 77
5 29 55
4 69 26
4 60 41
4 9 66
5 29 70
4 40 2
4 14 29
3 67 49
5 42 13
4 69 5
4 34 17
5 56 34
5 66 74
5 21 69
5 67 55
4 77 22
4 23 60
4 72 35
4 18 35
4 37 61
4 60 25
5 66 56
5 3 69
5 46 18
5 9 37
5 30 22
5 35 41
3 80 51
5 80 22
4 51 30
5 68 19
4 34 2
4 38 24
5 67 5
5 1 69
5 18 49
5 80 13
5 56 45
5 5 40
5 35 6
5 48 67
5 47 70
4 39 76
5 46 61
5 42 7
4 7 68
5 60 14
4 18 41
5 47 4
4 61 35
5 68 22
4 45 55
4 24 46
5 48 55
5 77 40
4 52 6
5 66 61
4 34 21
4 60 46
2 49 7
4 78 41
4 43 60
5 78 8
4 55 78
4 69 3
5 15 52
4 51 4
5 35 24
5 36 58
4 21 64
4 34 14
5 72 44
4 38 15
4 10 80
4 31 24
4 57 22
5 22 59
4 13 80
4 16 41
4 56 66
4 1 54
