0 4 16
0 1 49
0 44 23
0 2 27
0 3 26
0 14 27
0 27 6
0 20 34
0 44 6
0 22 48
0 11 35
0 7 46
0 28 13
0 53 29
0 51 16
0 1 5
0 18 49
0 33 13
0 15 39
0 1 28
0 20 8
0 32 29
0 0 19
0 3 5
0 7 21
0 29 44
0 28 41
0 9 6
0 30 12
0 1 44
0 9 30
0 48 52
0 9 7
0 44 16
0 51 26
0 42 23
0 15 0
0 40 26
0 33 44
0 27 41
0 14 47
0 30 26
0 22 9
0 17 8
0 18 41
0 15 26
0 34 26
0 49 7
0 29 16
0 49 34
0 15 16
0 32 23
0 36 46
0 8 52
0 24 19
0 38 27
0 18 44
0 2 35
0 36 30
0 18 13
0 33 21
0 17 28
0 53 21
0 36 8
0 18 53
0 31 4
0 9 19
0 20 38
0 10 26
0 17 23
0 9 43
0 9 46
0 22 39
0 33 46
0 53 52
0 12 34
0 45 40
0 35 46
0 44 46
0 28 27
0 27 50
0 46 23
0 18 37
0 42 5
0 47 15
0 18 2
0 9 27
0 51 31
0 30 2
0 32 51
0 30 5
0 18 0
0 18 38
0 51 40
0 2 50
0 42 26
0 27 7
0 48 20
0 11 26
0 37 35
0 21 26
0 3 28
0 53 28
0 20 46
0 17 34
0 22 46
0 8 40
0 7 10
0 18 15
0 33 30
0 2 13
0 14 8
0 42 43
0 9 39
0 1 43
0 53 40
0 44 26
0 8 43
0 17 40
0 36 44
0 7 41
0 27 10
0 13 34
0 24 13
0 43 46
0 48 2
0 43 23
0 51 19
0 24 0
0 29 13
0 47 40
0 12 41
0 22 42
0 28 7
0 29 19
0 17 25
0 18 26
0 24 6
0 11 23
0 4 25
0 36 37
0 15 43
0 33 34
0 24 52
0 18 33
0 3 14
0 15 44
0 3 41
0 18 31
0 7 25
0 34 46
0 13 25
0 2 7
0 2 16
0 37 2
0 15 6
0 28 38
0 36 19
0 33 9
0 11 41
0 15 34
0 28 26
0 48 50
0 3 7
0 2 10
0 9 20
0 15 5
0 17 16
0 0 44
0 14 12
0 17 38
0 3 25
0 39 26
0 35 23
0 1 48
0 37 51
0 38 43
0 47 51
0 42 4
0 43 39
0 37 52
0 49 50
0 38 50
0 40 41
0 3 52
0 18 46
0 3 4
0 9 44
0 47 19
0 35 40
0 28 34
0 18 16
0 0 4
0 52 41
0 35 52
0 11 44
0 51 13
0 17 37
0 36 51
0 2 20
0 11 39
0 45 15
0 12 39
0 3 50
0 17 4
0 47 29
0 22 11
0 29 46
0 22 51
0 17 52
0 33 40
0 30 41
0 34 25
0 24 34
0 14 7
0 17 44
0 30 31
0 28 30
0 14 2
0 29 8
0 48 39
0 18 25
0 30 46
0 19 39
0 51 8
0 28 2
0 48 14
0 21 41
0 51 21
0 33 3
0 28 40
0 31 21
0 53 6
0 40 23
0 15 8
0 53 9
0 50 4
0 37 40
0 17 46
0 45 38
0 37 42
0 40 34
0 32 40
0 1 53
0 31 50
0 31 12
0 35 43
0 18 11
0 31 40
0 50 26
0 53 38
0 36 49
0 28 8
0 0 26
0 30 51
0 22 40
0 36 39
0 50 5
0 45 9
0 24 46
0 22 4
0 50 6
0 44 40
0 3 10
0 9 35
0 24 8
0 32 38
0 4 46
0 14 42
0 3 39
0 24 16
0 18 6
0 14 25
0 28 6
0 22 52
0 48 43
0 49 20
0 19 35
0 48 27
0 7 26
0 34 52
0 17 13
0 24 10
0 21 6
0 3 35
0 28 14
0 7 34
0 22 38
0 1 3
0 49 4
0 36 35
0 33 7
0 42 10
0 27 44
0 9 52
0 17 3
0 31 41
0 17 49
0 3 24
0 48 10
0 14 52
0 9 47
0 30 11
0 28 23
0 17 5
0 33 36
0 13 41
0 18 9
0 45 28
0 48 51
0 49 8
0 37 10
0 10 39
0 17 19
0 30 25
0 49 40
0 31 8
0 15 27
0 17 51
0 28 47
0 38 16
0 47 46
0 11 25
0 15 12
0 10 16
0 33 23
0 33 14
0 9 42
0 1 24
0 11 21
0 28 35
0 36 26
0 33 38
0 27 26
0 0 10
0 4 43
0 17 32
0 2 23
0 43 52
0 45 21
0 8 34
0 1 2
0 27 16
0 17 48
0 51 42
0 19 5
0 17 7
0 33 48
0 10 52
0 1 40
0 42 19
0 29 6
0 14 20
0 42 25
0 11 34
0 47 2
0 17 35
0 39 16
0 53 0
0 2 49
0 28 12
0 37 0
0 33 42
0 38 42
0 22 23
0 12 46
0 42 44
0 9 23
0 38 8
0 29 39
0 28 44
0 42 40
0 18 20
0 29 11
0 28 52
0 32 11
0 20 10
0 50 16
0 53 31
0 46 6
0 18 36
0 42 7
0 45 39
0 32 46
0 1 10
0 27 31
0 47 8
0 37 11
0 32 50
0 3 38
0 32 25
0 18 3
0 49 21
0 37 20
0 49 10
0 22 36
0 3 32
0 17 15
0 20 50
0 34 16
0 24 15
0 51 46
0 36 11
0 45 0
0 8 35
0 49 39
0 29 43
0 25 52
0 16 23
0 47 26
0 37 15
0 9 37
0 4 34
0 36 47
0 47 5
0 45 2
0 49 25
0 14 41
0 11 8
0 32 16
0 19 7
0 40 39
0 1 42
0 12 44
0 37 25
0 33 25
0 32 10
0 20 44
0 1 36
0 53 49
0 3 36
0 24 49
0 14 39
0 22 16
0 25 23
0 22 31
0 21 16
0 36 7
0 36 38
0 24 7
0 30 23
0 31 5
0 19 31
0 34 6
0 33 41
0 40 16
0 22 27
0 45 12
0 29 27
0 33 10
0 33 6
0 33 49
0 3 44
0 28 5
0 1 9
0 7 23
0 18 17
0 53 24
0 51 38
0 13 31
0 30 8
0 5 10
0 0 42
0 27 23
0 45 23
0 30 29
0 45 51
0 47 41
0 33 5
0 13 35
0 47 43
0 12 5
0 47 32
0 2 31
0 3 47
0 13 23
0 9 31
0 47 6
0 12 43
0 49 13
0 19 21
0 22 47
0 40 25
0 3 12
0 7 6
0 24 2
0 47 44
0 48 31
0 50 10
0 13 19
0 47 4
0 21 25
0 2 51
0 5 7
0 41 23
0 0 11
0 18 4
0 27 52
0 48 26
0 17 47
0 30 15
0 22 14
0 42 11
0 18 14
0 30 50
0 17 29
0 38 12
0 20 11
0 29 7
0 18 28
0 0 8
0 2 46
0 53 10
0 47 50
0 22 0
0 53 47
0 15 46
0 3 15
0 25 26
0 48 6
0 0 34
0 18 42
0 13 6
0 47 34
0 19 11
0 32 43
0 28 24
0 0 2
0 53 12
0 17 50
0 50 11
0 37 47
0 45 30
0 48 15
0 46 16
0 17 31
0 21 43
0 9 21
0 42 50
0 11 40
0 18 21
0 17 45
0 9 26
0 0 31
0 8 23
0 47 42
0 48 30
0 15 35
0 14 35
0 9 12
0 1 0
0 18 30
0 4 23
0 14 51
0 33 19
0 19 52
0 11 12
0 2 5
0 12 35
0 30 44
0 8 5
0 3 34
0 2 38
0 20 42
0 49 41
0 5 26
0 24 26
0 50 21
0 1 15
0 45 5
0 11 52
0 19 34
0 14 32
0 11 43
0 15 4
0 9 10
0 20 40
0 35 39
0 0 51
0 50 44
0 25 6
0 42 35
0 12 10
0 53 37
0 35 5
0 9 14
0 12 21
0 1 25
0 7 40
0 3 8
0 19 40
0 45 43
0 32 19
0 24 20
0 14 6
0 30 42
0 18 43
0 22 15
0 3 22
0 42 46
0 30 34
0 12 6
0 3 2
0 19 50
0 2 19
0 9 34
0 31 35
0 45 6
0 24 40
0 29 26
0 4 10
0 24 32
0 14 49
0 22 37
0 22 43
0 45 26
0 36 34
0 14 0
0 53 36
0 20 7
0 51 52
0 53 39
0 48 25
0 25 46
0 1 30
0 53 23
0 38 41
0 2 29
0 14 10
0 45 37
0 19 6
0 45 10
0 50 8
0 30 10
0 53 13
0 33 4
0 0 41
0 13 21
0 4 6
0 18 51
0 33 28
0 30 43
0 14 5
0 38 23
0 13 7
0 9 49
0 20 35
0 49 6
0 19 12
0 17 53
0 22 5
0 8 12
0 32 7
0 15 52
0 29 50
0 12 16
0 45 3
0 24 44
0 35 6
0 51 4
0 14 40
0 32 5
0 42 16
0 22 49
0 53 41
0 42 31
0 33 35
0 15 20
0 31 10
0 36 43
0 1 37
0 27 21
0 15 21
0 49 19
0 50 46
0 22 2
0 0 27
0 20 39
0 12 52
0 29 41
0 25 39
0 36 4
0 17 9
0 19 10
0 43 41
0 30 32
0 1 31
0 30 16
0 21 23
0 24 35
0 36 6
0 29 42
0 38 26
0 1 17
0 45 44
0 15 41
0 51 35
0 43 16
0 52 23
0 37 7
0 37 24
0 36 29
0 50 23
0 20 19
0 53 16
0 8 44
0 45 47
0 48 4
0 36 42
0 48 37
0 10 21
0 17 12
0 20 6
0 43 6
0 10 25
0 14 21
0 5 6
0 8 46
0 17 14
0 0 38
0 8 25
0 33 17
0 17 42
0 32 12
0 45 22
0 53 7
0 32 13
0 33 8
0 30 40
0 36 23
0 15 25
0 38 19
0 43 25
0 49 16
0 9 29
0 24 51
0 47 0
0 1 38
0 47 49
0 27 4
0 48 24
0 24 42
0 40 43
0 1 27
0 33 24
0 24 29
0 49 42
0 9 2
0 51 39
0 32 42
0 17 39
0 48 16
0 33 22
0 24 12
0 33 2
0 2 25
0 5 43
0 37 46
0 2 39
0 20 21
0 37 50
0 4 44
0 24 50
0 0 5
0 27 35
0 7 52
0 0 20
0 48 42
0 51 34
0 19 41
0 18 52
0 21 52
0 9 48
0 32 52
0 18 32
0 50 41
0 45 36
0 14 46
0 14 34
0 2 26
0 27 40
0 37 23
0 19 43
0 24 38
0 33 20
0 33 26
0 3 23
0 41 6
0 42 52
0 53 5
0 2 42
0 45 29
0 9 40
0 53 51
0 8 7
0 33 53
0 1 26
0 19 4
0 17 20
0 1 23
0 15 42
0 35 10
0 14 13
0 45 11
0 48 46
0 42 21
0 47 13
0 13 50
0 15 50
0 51 5
0 3 21
0 33 0
0 29 12
0 49 38
0 32 41
0 29 52
0 48 11
0 45 25
0 14 31
0 29 34
0 13 40
0 53 30
0 43 26
0 13 44
0 44 43
0 36 10
0 12 25
0 1 34
0 53 2
0 3 29
0 36 21
0 33 31
0 3 6
0 0 23
0 28 36
0 50 25
0 18 34
0 45 8
0 7 43
0 20 26
0 8 10
0 45 4
0 36 52
0 31 23
0 32 35
0 31 6
0 8 26
0 17 22
0 51 27
0 18 29
0 22 26
0 9 4
0 50 35
0 14 38
0 49 44
0 51 23
0 14 19
0 28 49
0 35 16
0 3 16
0 30 13
0 33 43
0 17 27
0 5 25
0 35 44
0 10 46
0 18 19
0 13 38
0 50 43
0 14 43
0 37 5
0 13 16
0 50 7
0 9 0
0 24 11
0 53 34
0 14 29
0 9 5
0 14 15
0 7 39
0 13 11
0 31 26
0 1 45
0 15 11
0 36 40
0 53 32
0 2 41
0 51 44
0 14 23
0 4 35
0 4 39
0 35 7
0 17 2
0 30 7
0 0 32
0 22 25
0 9 8
0 37 16
0 22 19
0 32 26
0 30 19
0 22 35
0 36 41
0 31 34
0 46 52
0 47 12
0 11 5
0 45 24
0 4 11
0 53 43
0 9 11
0 37 38
0 3 20
0 28 19
0 10 23
0 18 1
0 37 12
0 20 4
0 27 34
0 18 40
0 2 8
0 5 16
0 34 43
0 13 52
0 22 13
0 29 35
0 47 35
0 24 23
0 36 25
0 53 50
0 45 48
0 1 51
0 10 44
0 26 16
0 36 50
0 24 31
0 37 19
0 3 9
0 37 13
0 11 7
0 9 41
0 19 46
0 45 41
0 48 8
0 3 30
0 1 19
0 36 24
0 28 46
0 0 52
0 22 29
0 37 39
0 31 43
0 37 8
0 49 27
0 51 20
0 15 31
0 15 51
0 18 35
0 39 41
0 28 16
0 33 47
0 0 21
0 29 21
0 0 29
0 17 0
0 22 24
0 49 51
0 22 50
0 36 0
0 1 50
0 17 10
0 48 28
0 38 39
0 28 0
0 13 4
0 33 12
0 19 44
0 41 16
0 28 37
0 33 52
0 28 21
0 53 42
0 24 25
0 12 26
0 35 26
0 1 16
0 2 34
0 45 50
0 29 40
0 20 41
0 29 10
0 30 20
0 2 21
0 31 7
0 45 13
0 28 32
0 39 6
0 3 19
0 9 32
0 37 34
0 53 27
0 38 34
0 47 10
0 44 39
0 50 12
0 42 8
0 1 11
0 45 7
0 29 31
0 1 14
0 51 43
0 14 44
0 14 11
0 8 39
0 35 41
0 31 52
0 3 51
0 14 24
0 14 50
0 1 29
0 48 13
0 29 4
0 12 7
0 17 30
0 13 10
0 30 4
0 28 39
0 34 39
0 27 12
0 37 41
0 14 4
0 11 46
0 26 41
0 2 52
0 38 6
0 11 16
0 4 40
0 12 23
0 28 50
0 18 27
0 49 26
0 22 8
0 30 27
0 45 19
0 22 12
0 47 31
0 21 39
0 22 20
0 4 52
0 28 15
0 3 27
0 13 27
0 26 23
0 17 43
0 29 5
0 24 5
0 17 26
0 19 25
0 9 25
0 36 5
0 47 11
0 30 0
0 46 41
0 28 10
0 13 46
0 36 2
0 23 6
0 18 48
0 18 24
0 29 38
0 2 43
0 45 27
0 47 25
0 13 12
0 38 31
0 49 12
0 28 25
0 42 41
0 19 27
0 15 38
0 21 34
0 22 44
0 24 41
0 47 7
0 15 49
0 38 7
0 1 52
0 42 39
0 13 39
0 18 47
0 49 52
0 14 26
0 42 34
0 31 11
0 30 14
0 37 49
0 29 49
0 4 7
0 28 43
0 5 44
0 31 25
0 38 46
0 48 32
0 46 26
0 9 50
0 47 23
0 10 41
0 48 23
0 0 16
0 22 30
0 48 49
0 0 13
0 28 4
0 51 25
0 4 21
0 20 25
0 7 44
0 50 39
0 0 49
0 9 13
0 13 8
0 50 34
0 3 40
0 44 34
0 29 20
0 22 10
0 36 32
0 53 35
0 9 28
0 10 34
0 38 35
0 1 6
0 49 5
0 17 36
0 38 11
0 48 21
0 10 40
0 53 4
0 48 35
0 40 52
0 32 34
0 3 48
0 53 19
0 8 6
0 33 45
0 38 25
0 15 32
0 2 6
0 15 23
0 48 34
0 0 12
0 36 27
0 47 21
0 9 16
0 42 6
0 33 32
0 2 44
0 36 14
0 14 16
0 15 40
0 48 12
0 16 6
0 32 49
0 33 1
0 53 8
0 17 11
0 1 7
0 1 41
0 38 21
0 5 46
0 30 35
0 50 40
0 4 12
0 3 13
0 27 46
0 40 46
0 17 21
0 25 41
0 31 39
0 48 47
0 40 6
0 1 21
0 24 47
0 33 50
0 52 16
0 17 41
0 36 20
0 12 40
0 3 42
0 45 53
0 37 27
0 8 21
0 15 29
0 37 29
0 1 39
0 27 8
0 45 32
0 8 16
0 33 11
0 51 10
0 32 44
0 27 25
0 24 39
0 30 39
0 31 16
0 51 6
0 22 34
0 51 50
0 9 15
0 28 29
0 5 21
0 45 35
0 36 16
0 5 41
0 18 5
0 5 39
0 7 16
0 18 23
0 37 14
0 29 23
0 51 7
0 49 23
0 28 11
0 26 6
0 18 45
0 42 12
0 53 48
0 30 6
0 2 11
0 39 23
0 0 25
0 39 52
0 3 31
0 9 36
0 51 41
0 19 16
0 53 22
0 15 10
0 20 13
0 38 10
0 49 46
0 19 26
0 52 26
0 48 41
0 13 26
0 4 26
0 27 43
0 32 21
0 38 40
0 45 52
0 45 46
0 48 7
0 37 43
0 44 21
0 3 49
0 3 43
0 1 12
0 44 41
0 19 23
0 22 21
0 0 7
0 49 35
0 18 12
0 4 5
0 1 13
0 2 40
0 20 31
0 44 25
0 22 41
0 2 4
0 5 23
0 17 6
0 22 7
0 48 38
0 1 46
0 3 37
0 9 51
0 9 24
0 20 23
0 24 43
0 48 44
0 37 21
0 53 26
0 24 27
0 18 10
0 24 4
0 49 31
0 37 44
0 4 8
0 51 12
0 13 43
0 17 24
0 46 39
0 3 0
0 19 8
0 0 6
0 20 12
0 1 47
0 15 13
0 22 6
0 48 29
0 36 13
0 45 14
0 33 29
0 44 52
0 0 40
0 34 23
0 53 15
0 32 8
0 53 46
0 33 37
0 32 4
0 33 51
0 53 3
0 20 52
0 30 38
0 36 31
0 3 46
0 30 49
0 1 35
0 38 44
0 2 12
0 13 42
0 33 39
0 21 40
0 0 35
0 30 47
0 21 46
0 4 41
0 37 26
0 48 5
0 38 5
0 45 31
0 10 6
0 31 46
0 28 42
0 0 39
0 37 30
0 49 11
0 15 19
0 28 20
0 11 6
0 5 52
0 53 11
0 50 52
0 47 39
0 1 20
0 37 6
0 53 14
0 48 0
0 34 41
0 10 43
0 42 27
0 32 31
0 47 20
0 52 6
0 53 20
0 49 43
0 27 11
0 18 39
0 9 38
0 45 20
0 35 25
0 24 21
0 45 16
0 0 50
0 20 16
0 36 15
0 45 49
0 22 32
0 48 36
0 32 27
0 47 16
0 33 16
0 18 8
0 47 27
0 51 11
0 53 25
0 33 15
0 22 28
0 30 24
0 37 31
0 37 32
0 30 52
0 28 31
0 36 12
0 33 27
0 0 43
0 3 11
0 11 10
0 20 5
0 27 5
0 45 42
0 2 32
0 15 2
0 37 4
0 25 16
0 1 4
0 47 38
0 32 20
0 15 7
0 18 50
0 45 34
0 29 51
0 31 44
0 18 22
0 13 5
0 1 22
0 35 21
0 1 8
0 48 19
0 32 6
0 48 40
0 47 52
0 1 32
0 8 41
0 0 46
0 30 21
0 5 40
0 5 34
0 27 39
0 53 44
0 20 43
0 28 51
0 29 25
0 32 39
0 38 52
0 38 4
0 18 7
0 20 27
0 35 34
