0 29 31
0 18 72
0 63 69
0 4 21
0 2 6
0 27 37
0 40 48
0 21 24
0 38 65
0 39 49
0 32 39
0 34 35
0 48 52
0 26 62
0 1 20
0 52 70
0 2 11
0 4 12
0 6 8
0 42 69
0 41 43
0 59 61
0 58 62
0 39 50
0 24 69
0 31 41
0 55 58
0 0 45
0 69 71
0 7 79
0 38 43
0 40 41
0 22 26
0 19 20
0 36 63
0 45 54
0 5 23
0 4 23
0 76 77
0 45 50
0 17 26
0 41 49
0 17 25
0 28 73
0 30 48
0 31 76
0 34 52
0 4 5
0 31 35
0 1 11
0 59 62
0 20 56
0 20 24
0 28 29
0 36 54
0 31 32
0 69 79
0 1 18
0 18 63
0 38 47
0 12 17
0 36 39
0 14 32
0 0 54
0 49 51
0 63 64
0 6 51
0 57 67
0 9 54
0 4 6
0 57 62
0 5 8
0 57 77
0 47 74
0 50 59
0 51 60
0 9 11
0 79 80
0 47 48
0 29 38
0 32 50
0 27 47
0 41 59
0 5 77
0 23 41
0 36 47
0 24 26
0 56 65
0 10 13
0 55 62
0 62 80
0 65 74
0 75 79
0 40 43
0 0 5
0 3 39
0 0 63
0 23 77
0 23 24
0 65 73
0 53 62
0 2 65
0 7 34
0 67 75
0 30 57
0 3 6
0 73 75
0 36 43
0 11 17
0 21 75
0 5 32
0 29 46
0 27 46
0 10 46
0 52 79
0 65 70
0 58 59
0 45 47
0 29 45
0 18 21
0 1 28
0 11 38
0 19 24
0 21 39
0 34 61
0 35 80
0 31 48
0 4 14
0 8 71
0 29 35
0 30 66
0 41 48
0 56 60
0 7 17
0 0 1
0 6 16
0 2 47
0 28 34
0 33 34
0 39 42
0 72 77
0 26 80
0 24 51
0 7 8
0 5 59
0 35 44
0 19 26
0 55 64
0 10 55
0 2 3
0 63 73
0 17 24
0 23 32
0 15 25
0 19 64
0 62 71
0 1 2
0 30 32
0 8 62
0 11 18
0 50 53
0 19 46
0 28 31
0 4 67
0 20 25
0 2 29
0 42 60
0 63 65
0 55 73
0 28 33
0 27 36
0 28 38
0 23 68
0 5 6
0 6 26
0 41 68
0 76 79
0 73 76
0 34 70
0 18 54
0 14 15
0 21 30
0 33 78
0 9 36
0 3 21
0 45 63
0 20 22
0 36 42
0 33 69
0 56 63
0 28 55
0 61 70
0 68 71
0 64 71
0 1 10
0 3 48
0 64 69
0 12 30
0 33 53
0 34 51
0 0 20
0 47 56
0 54 56
0 56 58
0 1 55
0 48 51
0 63 67
0 69 78
0 2 10
0 27 63
0 72 78
0 40 50
0 66 75
0 13 58
0 35 43
0 27 38
0 58 66
0 58 68
0 60 69
0 36 46
0 8 44
0 66 69
0 11 19
0 10 20
0 17 71
0 38 45
0 9 13
0 43 44
0 69 70
0 19 25
0 26 35
0 28 30
0 22 31
0 33 35
0 74 78
0 0 4
0 76 78
0 38 56
0 50 51
0 44 80
0 13 16
0 11 12
0 66 67
0 54 58
0 23 50
0 14 41
0 6 60
0 55 72
0 66 71
0 12 39
0 3 7
0 14 77
0 15 69
0 27 29
0 47 49
0 69 80
0 64 66
0 47 50
0 77 78
0 9 17
0 36 41
0 30 39
0 10 14
0 20 65
0 48 75
0 7 16
0 3 22
0 47 51
0 50 52
0 2 18
0 12 16
0 28 45
0 13 40
0 71 78
0 19 55
0 40 76
0 65 67
0 54 60
0 27 54
0 5 7
0 27 30
0 72 74
0 37 44
0 2 4
0 11 13
0 75 80
0 32 41
0 3 13
0 68 75
0 5 22
0 32 34
0 28 64
0 17 35
0 10 18
0 4 49
0 0 11
0 43 53
0 60 71
0 9 45
0 27 72
0 23 59
0 10 17
0 20 29
0 53 71
0 29 30
0 51 78
0 27 28
0 19 73
0 37 73
0 12 75
0 9 10
0 2 7
0 32 68
0 2 56
0 12 66
0 63 74
0 36 45
0 26 44
0 33 42
0 39 75
0 54 57
0 48 50
0 67 68
0 38 44
0 7 15
0 3 57
0 49 76
0 10 12
0 27 32
0 74 79
0 12 15
0 20 74
0 3 30
0 45 53
0 64 68
0 65 72
0 1 4
0 5 41
0 61 69
0 22 58
0 58 75
0 44 53
0 58 60
0 0 2
0 36 72
0 13 15
0 30 35
0 0 27
0 64 73
0 39 43
0 40 44
0 33 43
0 57 58
0 44 51
0 42 52
0 61 78
0 16 26
0 24 33
0 21 22
0 13 76
0 67 70
0 17 80
0 17 44
0 74 80
0 19 21
0 6 42
0 74 76
0 28 46
0 39 41
0 37 42
0 64 72
0 45 48
0 56 61
0 22 40
0 44 62
0 60 80
0 0 10
0 37 41
0 75 77
0 9 27
0 6 25
0 7 26
0 40 49
0 70 79
0 2 9
0 52 53
0 31 33
0 0 36
0 20 23
0 48 53
0 1 37
0 37 55
0 41 77
0 25 70
0 20 38
0 32 48
0 28 37
0 50 77
0 16 25
0 56 72
0 66 77
0 30 31
0 41 44
0 58 76
0 11 29
0 4 76
0 63 70
0 61 80
0 78 80
0 37 40
0 49 50
0 38 39
0 14 17
0 18 45
0 30 49
0 1 64
0 18 20
0 65 69
0 16 17
0 62 78
0 57 61
0 13 67
0 46 53
0 48 49
0 39 48
0 40 42
0 15 33
0 62 70
0 37 39
0 22 49
0 27 45
0 10 19
0 24 78
0 54 64
0 34 43
0 10 15
0 52 61
0 46 51
0 30 75
0 31 50
0 3 14
0 6 17
0 1 7
0 43 70
0 60 61
0 15 17
0 0 19
0 3 66
0 12 13
0 10 64
0 22 23
0 36 38
0 45 51
0 11 47
0 67 76
0 16 52
0 20 47
0 65 71
0 14 59
0 38 42
0 49 52
0 14 68
0 73 80
0 47 52
0 7 43
0 46 52
0 25 34
0 49 53
0 12 22
0 2 8
0 34 53
0 1 19
0 32 40
0 70 80
0 21 25
0 16 70
0 42 43
0 1 6
0 0 7
0 57 76
0 7 61
0 14 16
0 67 77
0 51 53
0 43 61
0 37 46
0 61 71
0 27 33
0 59 77
0 54 59
0 9 14
0 0 6
0 74 77
0 55 65
0 14 50
0 38 46
0 24 25
0 7 70
0 10 16
0 10 11
0 13 21
0 11 16
0 6 69
0 42 51
0 72 80
0 25 52
0 64 74
0 5 13
0 42 53
0 46 49
0 54 74
0 46 73
0 37 64
0 18 23
0 35 42
0 30 41
0 63 71
0 10 28
0 78 79
0 21 48
0 30 33
0 41 50
0 16 61
0 2 38
0 23 25
0 35 52
0 57 75
0 54 65
0 0 72
0 19 23
0 58 61
0 64 65
0 73 77
0 44 52
0 40 58
0 1 9
0 1 73
0 51 52
0 12 21
0 8 15
0 27 31
0 13 31
0 21 66
0 0 9
0 35 53
0 35 51
0 49 67
0 5 21
0 27 35
0 9 12
0 25 61
0 49 58
0 55 59
0 73 78
0 48 66
0 31 34
0 61 79
0 43 52
0 51 69
0 8 80
0 31 67
0 19 37
0 12 23
0 56 73
0 60 70
0 73 79
0 11 56
0 28 36
0 18 22
0 31 58
0 32 35
0 56 57
0 70 71
0 2 74
0 13 49
0 29 34
0 16 79
0 18 19
0 2 19
0 34 42
0 18 25
0 75 76
0 60 62
0 66 68
0 18 36
0 27 34
0 47 65
0 54 63
0 39 57
0 0 18
0 73 74
0 1 3
0 4 58
0 23 26
0 59 75
0 71 79
0 22 76
0 28 32
0 32 77
0 16 24
0 68 76
0 29 33
0 14 23
0 48 57
0 6 15
0 36 44
0 21 23
0 18 24
0 63 66
0 29 56
0 16 34
0 59 66
0 6 33
0 21 57
0 2 5
0 5 68
0 19 28
0 29 65
0 0 8
0 31 39
0 39 44
0 38 74
0 29 32
0 77 79
0 26 71
0 67 71
0 5 12
0 44 71
0 13 14
0 7 52
0 32 59
0 58 67
0 28 35
0 29 36
0 20 26
0 12 57
0 62 79
0 72 76
0 11 20
0 56 59
0 58 77
0 54 62
0 60 79
0 9 16
0 22 24
0 3 12
0 17 53
0 14 21
0 5 14
0 68 70
0 15 60
0 76 80
0 9 18
0 37 47
0 30 34
0 20 21
0 43 51
0 15 26
0 7 25
0 8 24
0 56 62
0 41 42
0 42 78
0 37 38
0 63 72
0 45 52
0 38 40
0 31 40
0 1 46
0 8 35
0 13 23
0 56 64
0 70 78
0 55 60
0 8 26
0 50 68
0 37 43
0 8 53
0 67 69
0 22 67
0 34 79
0 71 80
0 10 37
0 55 57
0 77 80
0 4 22
0 3 75
0 12 48
0 74 75
0 46 47
0 63 68
0 4 13
0 32 49
0 65 66
0 36 40
0 24 42
0 29 37
0 4 31
0 4 40
0 15 51
0 15 42
0 16 43
0 54 55
0 30 50
0 33 52
0 1 5
0 13 17
0 55 63
0 62 69
0 42 44
0 64 70
0 29 47
0 75 78
0 55 61
0 4 8
0 43 79
0 54 61
0 55 56
0 3 4
0 59 68
0 72 79
0 64 67
0 8 17
0 18 27
0 46 64
0 8 25
0 59 67
0 72 75
0 9 20
0 33 44
0 11 14
0 13 22
0 25 43
0 6 78
0 29 74
0 18 26
0 53 80
0 46 50
0 25 79
0 68 77
0 59 60
0 14 22
0 34 44
0 9 15
0 72 73
0 15 78
0 54 73
0 68 69
0 1 8
0 46 55
0 9 19
0 57 68
0 36 37
0 7 24
0 3 8
0 11 15
0 57 60
0 40 67
0 19 22
0 56 74
0 30 40
0 35 71
0 33 51
0 10 73
0 46 48
0 39 40
0 25 26
0 45 49
0 47 53
0 4 7
0 32 33
0 38 41
0 9 72
0 39 66
0 57 66
0 66 76
0 11 74
0 35 62
0 57 59
0 66 70
0 17 62
0 6 7
0 21 26
0 11 65
0 31 49
0 55 74
0 61 62
0 60 78
0 26 53
0 45 72
0 15 24
0 24 60
0 54 72
0 3 5
0 59 76
0 65 68
0 6 24
0 33 60
0 9 63
0 8 16
0 2 20
0 45 46
0 12 14
0 3 23
0 28 47
0 37 45
0 22 25
0 0 3
0 15 16
0 5 50
