5 2 69
5 80 43
4 24 32
3 35 76
0 62 50
5 66 37
3 44 34
0 70 49
0 5 60
4 49 18
0 30 67
5 0 79
0 23 44
3 50 71
4 79 48
0 14 72
3 60 64
2 20 42
2 77 55
3 68 34
0 76 46
0 80 2
0 27 52
3 32 31
0 35 11
0 76 1
2 71 44
4 7 27
4 30 80
4 37 72
4 73 67
0 15 27
4 24 30
5 42 76
2 51 47
0 19 78
4 28 25
3 68 48
0 44 76
2 37 13
0 9 62
2 0 30
5 6 62
3 38 33
2 34 70
3 36 70
0 4 61
0 62 66
0 54 21
4 36 35
3 55 34
3 68 78
0 13 62
0 35 14
2 15 30
3 30 11
0 76 33
2 40 27
5 80 40
0 80 6
2 49 38
0 58 34
0 71 50
3 80 36
4 26 41
0 44 1
2 73 43
2 45 61
0 33 20
2 33 31
0 61 67
3 35 53
5 61 11
3 25 46
5 50 69
5 54 3
5 25 39
3 16 17
3 54 75
5 42 77
2 45 68
0 35 79
3 76 40
0 69 49
4 9 61
0 16 40
3 80 17
5 48 70
0 18 47
3 60 44
2 38 72
0 59 38
2 22 30
0 33 11
0 66 32
4 8 32
4 59 46
5 3 45
2 7 60
4 40 8
4 73 58
0 30 22
5 16 3
3 13 31
5 76 50
0 16 38
5 41 8
4 20 54
5 32 37
3 78 45
0 25 73
5 50 27
2 62 27
1 76 36
0 61 42
0 14 61
0 36 73
4 18 68
0 0 73
5 41 19
0 5 70
4 63 28
2 49 39
2 37 36
0 39 62
5 67 44
2 26 36
0 69 13
0 32 60
5 63 49
5 78 27
0 61 38
0 66 36
4 34 48
2 55 16
0 27 6
3 29 70
5 22 27
5 54 68
2 75 43
5 80 5
0 69 16
2 67 61
4 22 42
3 32 49
5 25 58
4 43 76
5 30 10
2 31 53
2 78 60
2 52 39
3 25 56
2 79 42
4 25 42
2 48 66
5 30 61
0 41 65
3 24 33
3 71 52
4 69 76
2 5 25
5 13 7
4 39 61
0 31 55
4 45 39
4 14 43
3 78 79
2 7 35
4 60 41
0 13 53
4 39 13
4 29 66
5 41 16
4 21 41
3 61 70
3 66 65
3 30 74
0 11 78
0 62 51
3 61 62
2 64 16
3 55 51
0 69 18
2 27 32
3 60 9
0 63 53
4 7 44
0 46 67
4 49 61
2 37 55
2 57 66
5 55 8
4 66 54
0 45 25
3 71 45
3 25 16
0 53 22
2 53 25
2 18 25
5 66 51
3 72 71
5 76 23
0 37 69
5 61 73
5 35 63
2 19 72
2 3 4
2 37 35
5 72 37
0 58 35
5 39 27
0 10 66
4 45 79
3 47 67
5 35 9
3 7 52
2 57 30
1 67 43
4 69 32
3 46 76
2 79 13
5 61 3
5 66 50
2 78 25
2 59 72
5 16 69
0 17 72
0 61 63
0 71 4
0 30 0
2 40 24
3 36 17
5 42 14
0 48 16
1 55 67
5 16 65
0 79 39
4 64 30
0 53 57
3 42 23
2 61 60
0 3 55
0 79 54
0 49 16
0 54 49
0 79 6
2 44 61
2 27 47
0 49 24
5 78 44
3 46 70
5 53 55
0 42 49
2 17 64
0 16 32
0 37 24
2 69 70
0 51 65
0 2 31
2 52 30
5 6 40
5 54 20
4 3 61
5 53 14
0 37 32
0 33 39
5 63 33
5 53 78
5 65 34
0 29 7
2 65 7
0 31 11
3 46 27
0 1 71
5 30 26
4 0 35
2 73 36
5 32 67
0 41 25
4 70 72
2 14 41
5 46 9
2 71 55
5 44 58
0 37 66
5 68 53
0 62 68
3 46 78
2 26 42
2 33 7
4 57 50
4 6 68
3 28 45
2 28 36
0 58 48
0 29 53
2 69 9
4 7 71
2 50 64
2 79 29
4 62 72
0 34 76
3 39 34
4 57 29
0 47 3
4 48 35
5 55 39
4 27 61
1 52 38
0 42 66
3 4 69
5 76 11
5 15 38
3 66 15
2 57 48
0 30 78
0 60 76
1 34 40
2 41 68
5 48 29
0 51 29
3 6 79
1 46 41
0 53 37
3 42 2
0 42 62
0 49 74
5 57 69
2 5 53
4 41 35
5 78 55
5 70 39
4 8 36
0 48 1
3 32 19
5 42 25
0 22 47
3 29 19
3 36 40
0 52 40
0 67 33
2 71 35
4 37 67
2 62 53
4 36 30
3 16 49
4 3 76
0 70 48
0 53 60
4 7 72
0 46 65
2 11 68
0 39 10
5 14 45
0 28 39
0 0 42
0 48 79
0 55 49
3 66 24
2 62 4
3 48 69
4 6 80
2 52 28
5 14 34
1 33 79
5 61 5
2 45 37
0 27 48
1 43 29
3 48 58
5 47 8
0 30 8
3 53 56
2 23 36
3 52 49
1 71 7
0 52 76
3 7 37
5 64 32
2 24 46
0 36 31
0 43 3
5 64 57
2 27 25
5 41 46
0 40 78
4 26 55
4 30 42
4 72 16
4 62 6
4 58 72
2 49 72
0 52 73
3 72 19
4 71 46
4 33 65
4 34 3
5 78 14
5 53 9
5 75 45
3 55 62
0 60 77
0 71 31
0 31 61
0 69 27
0 24 54
2 52 60
5 55 44
4 15 41
0 46 32
5 21 45
5 28 79
3 25 61
5 80 56
0 30 60
5 54 50
0 66 17
0 30 37
4 69 47
2 19 67
0 16 68
3 68 74
4 13 42
2 37 30
2 45 80
0 28 5
4 37 61
3 13 52
4 77 42
5 80 48
4 48 36
4 55 43
2 38 28
5 43 59
0 79 63
4 22 66
1 35 60
4 45 8
3 80 66
3 71 65
0 39 4
0 0 62
0 63 47
3 67 49
4 37 68
5 60 5
4 38 7
0 49 25
2 71 64
3 51 34
5 25 60
3 61 56
0 72 31
3 27 49
5 53 19
5 79 40
0 80 23
3 27 62
3 60 8
4 34 20
3 4 39
1 28 50
2 69 62
4 58 41
2 56 43
3 66 64
4 74 41
4 71 76
0 28 49
5 28 57
3 25 0
4 8 46
0 69 54
0 55 35
5 68 30
4 31 52
0 2 68
3 35 64
5 44 65
0 71 24
2 19 10
4 9 32
0 31 78
1 44 70
4 7 42
3 10 79
3 54 33
5 46 44
5 22 65
4 17 42
5 67 38
0 74 61
4 62 41
4 34 10
0 32 70
0 69 55
3 61 77
0 4 78
2 69 79
3 6 45
2 37 38
3 25 76
4 69 77
4 45 74
4 65 4
2 21 25
0 30 2
0 33 55
4 78 46
0 41 69
2 63 55
0 46 34
0 14 60
4 75 44
3 68 38
0 78 7
3 53 77
0 27 78
0 25 66
0 9 35
3 78 59
5 23 40
2 40 72
5 15 63
0 5 80
4 2 41
3 78 73
0 57 27
3 66 38
3 68 7
4 59 35
0 40 35
2 52 61
5 80 47
1 32 53
0 28 77
4 49 0
3 78 63
2 38 16
3 68 72
5 38 49
2 65 41
2 52 27
2 49 71
5 16 51
5 60 49
0 8 64
5 47 22
3 64 31
0 66 1
5 67 7
3 54 24
3 68 59
0 10 59
0 45 16
0 10 57
5 16 57
3 68 41
2 64 47
0 65 77
5 42 16
2 55 80
2 9 25
0 56 79
3 60 39
0 73 70
5 78 29
3 32 28
3 41 79
5 21 40
5 59 69
0 15 68
2 40 49
3 28 51
2 55 64
0 79 64
3 30 76
4 41 54
0 40 62
2 63 35
0 43 12
4 47 54
4 50 67
0 38 76
2 27 68
2 29 54
4 18 16
3 38 45
4 69 2
3 25 18
3 67 52
5 66 44
5 22 63
4 7 78
4 29 80
5 30 19
3 43 31
3 35 50
2 75 66
5 78 39
0 14 70
0 44 5
3 60 19
5 44 63
2 18 42
3 48 56
0 67 34
4 73 32
1 27 71
3 80 46
5 16 29
4 79 50
2 19 28
3 64 48
3 36 75
3 60 38
5 36 14
5 80 59
0 76 25
0 4 38
5 36 57
0 34 71
2 29 30
3 35 62
2 61 16
4 69 19
2 6 42
4 36 32
2 3 16
4 6 35
4 69 50
5 18 33
2 32 41
3 54 56
0 76 35
4 23 43
2 57 68
2 7 53
2 58 80
2 53 35
2 29 76
0 2 48
0 68 45
0 69 36
4 19 30
4 69 59
3 54 14
5 28 71
0 65 50
5 46 75
5 53 61
4 70 41
0 68 12
5 42 80
0 26 10
5 54 4
5 72 50
0 78 2
5 18 37
0 39 64
4 33 47
0 31 60
3 16 44
0 51 2
4 33 64
1 55 29
0 51 75
0 43 13
0 80 12
0 66 9
0 27 60
3 47 33
5 20 34
5 25 50
0 10 70
4 45 21
2 71 70
0 54 12
3 78 40
0 27 75
5 30 72
0 28 59
0 52 80
3 42 39
5 44 45
0 34 13
4 12 68
3 68 64
0 18 80
0 16 31
5 19 40
3 43 79
0 80 16
2 39 68
2 53 16
2 33 54
3 48 73
4 29 25
2 7 30
3 44 7
1 16 60
2 58 4
0 66 61
2 11 54
4 20 41
0 31 9
3 76 59
5 66 8
5 41 12
0 24 27
2 21 60
4 78 32
5 0 65
0 46 25
5 68 1
0 32 17
0 33 38
0 41 9
5 47 6
5 29 40
0 6 39
2 29 16
2 60 47
3 46 56
5 70 33
5 80 22
3 63 34
5 43 78
5 58 51
0 37 16
0 63 20
4 79 41
3 64 33
4 62 36
3 60 71
5 46 5
5 57 34
0 59 15
0 48 62
0 43 22
0 47 34
2 2 54
0 54 6
2 65 39
0 3 78
0 47 64
2 55 53
2 38 48
4 24 36
5 9 40
5 60 3
4 45 15
1 28 70
5 36 76
5 68 80
2 58 43
4 34 39
5 71 73
5 0 37
0 74 67
0 8 52
5 9 69
0 17 39
3 18 40
2 49 43
5 80 45
5 46 43
4 75 53
3 30 16
2 28 80
5 78 57
5 66 46
4 7 29
2 79 52
2 45 0
2 51 66
0 63 8
0 44 46
0 60 65
0 43 72
5 13 38
3 72 69
0 57 42
0 75 60
4 29 67
2 44 48
5 72 40
4 38 78
4 37 54
3 15 40
2 63 32
3 16 36
3 22 79
0 48 71
0 41 17
4 64 41
4 15 46
3 58 77
4 65 0
4 17 66
0 46 21
1 78 43
2 11 42
0 23 47
3 52 37
5 54 80
0 17 36
0 79 22
0 31 56
0 13 36
3 50 19
2 48 25
0 34 9
0 12 60
0 41 6
2 71 61
5 76 53
4 2 80
5 67 19
2 24 16
3 46 31
5 27 65
5 35 59
4 15 36
5 80 25
0 4 9
0 59 29
3 46 23
3 53 27
5 48 17
2 5 66
3 76 38
2 9 4
0 4 37
2 71 28
3 30 9
4 19 48
4 19 68
3 42 58
1 30 68
2 44 47
0 54 34
5 18 34
5 25 30
0 40 33
0 51 64
0 2 77
0 24 73
0 61 26
0 60 25
5 29 59
0 15 45
4 34 17
0 26 66
2 43 32
3 35 17
4 33 0
2 37 46
0 66 73
2 67 46
0 35 65
3 68 37
0 5 42
2 28 29
4 26 43
2 52 66
2 73 44
0 28 17
0 37 7
2 33 32
3 35 6
3 76 45
5 44 49
4 0 41
5 76 63
0 71 72
5 46 8
4 65 53
3 22 69
0 70 23
5 76 32
0 76 55
5 22 77
4 27 53
4 34 68
0 65 42
3 41 45
0 41 61
0 8 51
0 25 75
2 49 70
4 68 25
2 77 53
0 43 20
2 45 47
0 57 35
0 61 75
4 34 59
2 63 78
0 14 28
0 54 5
2 37 43
4 8 48
2 21 42
4 10 47
5 61 12
0 21 47
3 54 58
5 35 22
3 78 70
0 53 0
3 54 35
0 74 53
0 40 61
4 71 13
3 54 19
0 32 63
2 21 54
5 55 27
3 44 27
4 69 4
3 54 51
2 19 44
0 1 78
5 43 27
4 6 54
3 13 79
0 80 38
3 41 21
0 66 34
0 37 78
3 47 18
5 60 0
4 62 22
5 25 72
0 72 62
0 42 75
3 50 51
0 4 32
0 64 29
5 59 45
3 48 63
2 78 47
2 18 30
0 33 70
3 42 57
2 57 43
3 35 56
3 60 23
4 59 44
0 9 75
4 67 47
0 52 57
5 54 31
2 40 48
3 43 75
0 15 48
4 38 66
2 53 80
0 68 9
0 63 46
0 24 68
0 27 64
0 33 66
2 70 67
3 50 40
4 56 4
3 76 8
2 39 41
0 41 63
4 45 73
0 67 16
2 29 32
2 58 53
0 10 74
0 39 9
3 68 44
2 61 35
3 42 11
0 42 79
0 13 78
4 9 48
0 72 38
3 0 40
0 47 40
2 71 47
2 63 76
0 25 44
0 49 44
2 59 60
3 25 40
5 79 65
0 39 24
3 51 63
0 24 40
4 34 69
1 62 63
2 48 32
4 33 4
4 69 8
0 41 73
2 67 76
3 53 49
4 40 25
5 60 46
0 46 11
0 28 67
2 33 43
0 25 11
3 72 56
3 25 41
0 76 9
4 19 61
0 68 22
2 12 25
0 11 48
2 62 46
0 45 78
3 50 79
0 37 80
0 44 60
2 63 50
0 25 57
3 63 45
3 42 34
2 7 80
2 56 61
2 3 35
0 49 2
3 41 58
4 33 9
4 52 67
4 69 57
5 66 29
3 35 26
2 52 16
4 51 30
0 65 24
0 76 19
0 79 2
0 61 33
5 62 31
2 69 52
0 80 32
2 44 32
2 15 60
0 67 39
0 8 39
3 39 65
5 7 39
4 79 38
5 50 28
3 61 52
0 68 26
0 71 5
3 30 64
4 44 55
0 68 56
2 44 66
4 34 0
0 10 32
5 48 9
4 75 28
2 17 25
4 39 78
2 6 41
5 29 75
1 33 37
4 62 39
2 55 32
3 53 43
2 8 47
4 17 43
4 48 43
4 50 25
5 47 44
1 28 44
2 31 28
0 19 49
2 69 64
0 26 38
2 57 61
4 45 69
0 47 14
0 72 29
3 60 21
4 38 13
0 76 17
5 18 49
3 38 40
5 15 62
5 10 63
4 70 29
4 44 78
5 10 52
5 47 63
4 5 46
0 39 52
0 49 10
0 62 2
0 70 53
0 48 13
4 34 74
0 26 13
3 30 17
2 3 54
3 60 14
5 34 45
5 68 55
4 13 80
3 46 79
2 63 68
2 64 25
4 40 1
5 64 8
4 51 70
4 74 42
4 58 47
0 28 69
0 72 7
0 52 11
1 7 51
3 36 52
0 12 7
3 66 31
2 49 35
0 75 55
0 57 63
3 48 44
0 49 64
4 53 32
0 41 55
0 44 10
4 72 30
2 73 16
1 64 61
3 72 34
5 47 10
3 54 39
0 35 70
4 40 28
4 34 56
2 20 25
3 68 65
0 14 80
0 35 73
4 17 29
4 27 13
0 70 31
2 40 46
4 25 80
3 62 33
5 53 23
0 65 28
4 61 36
0 54 41
0 55 22
5 58 45
2 29 61
0 7 67
3 16 34
3 54 15
0 79 47
3 16 12
0 74 32
2 71 48
2 64 42
5 80 55
0 31 79
4 62 28
5 30 23
4 45 30
2 76 80
0 20 78
5 4 75
0 37 51
5 54 1
4 40 7
3 60 40
0 80 67
3 58 52
1 32 36
0 18 62
5 24 65
4 57 28
4 46 68
3 46 52
4 19 27
2 24 60
0 78 65
3 42 5
2 7 16
4 12 47
4 4 47
0 71 21
3 60 31
4 48 68
0 13 55
0 75 16
4 71 30
5 70 73
4 5 55
3 16 8
3 41 14
3 25 69
3 53 79
5 78 52
2 69 48
0 64 17
0 42 56
4 24 61
0 57 80
4 53 66
4 79 33
0 14 66
0 31 47
0 73 3
2 45 24
3 48 33
5 25 47
0 32 13
5 70 40
4 46 80
0 73 62
3 43 33
5 12 45
2 33 51
5 35 2
4 28 78
0 6 46
5 47 66
5 66 53
0 56 35
4 56 70
5 68 47
0 56 66
2 79 61
0 38 0
0 26 28
2 32 46
0 34 38
2 67 25
5 7 77
4 23 80
2 65 58
5 64 38
3 76 75
5 80 13
4 17 68
3 25 12
0 2 43
3 43 73
2 29 36
3 47 5
4 56 30
0 77 36
3 76 62
0 36 23
0 47 70
4 73 7
3 51 38
4 7 28
0 28 66
0 62 25
4 31 62
3 54 61
5 7 38
0 54 67
0 1 61
5 29 9
2 63 80
2 52 51
2 45 51
4 69 35
4 78 53
4 37 31
2 79 31
3 72 45
4 34 1
2 62 55
0 4 19
3 47 31
2 33 61
3 43 57
3 55 63
3 16 53
0 78 54
5 59 40
5 22 57
4 41 47
0 29 15
2 77 47
3 54 22
0 23 28
2 40 18
0 38 51
3 78 62
0 13 33
0 50 61
4 17 47
5 16 2
3 43 7
0 57 7
1 66 41
2 38 70
2 37 25
3 64 27
4 61 46
3 25 28
4 52 71
3 36 7
0 73 48
0 19 42
5 46 16
3 80 71
2 57 41
4 33 18
0 16 73
4 15 64
4 59 48
4 35 54
3 55 69
0 28 60
2 43 42
4 62 10
5 74 34
3 64 44
1 48 67
0 60 10
2 5 36
3 68 77
4 65 44
0 57 64
2 49 28
4 14 25
3 54 48
4 11 46
0 67 2
0 67 24
3 4 62
5 29 57
4 37 4
1 65 37
0 55 40
5 30 54
4 23 67
5 16 62
3 50 38
4 3 41
0 27 67
0 25 35
2 58 32
5 46 61
0 9 47
0 25 65
0 27 40
1 39 51
3 35 61
0 28 54
0 52 54
2 78 76
4 63 4
4 40 75
3 76 56
3 35 32
4 60 16
5 42 48
4 19 50
0 2 37
3 54 36
4 2 46
3 47 29
5 13 37
0 62 67
2 19 36
5 68 46
0 8 10
3 4 63
1 69 34
5 53 7
5 68 8
5 32 79
5 62 40
3 32 40
0 71 32
2 45 44
4 3 32
5 25 77
2 39 72
4 61 64
0 16 1
2 57 55
0 31 73
0 21 7
5 10 62
3 35 57
2 63 51
5 38 69
3 0 34
0 32 62
4 71 29
5 41 67
0 2 52
5 33 49
3 24 49
0 42 3
0 35 10
2 29 46
4 50 60
4 63 41
5 64 59
2 29 64
3 25 48
3 68 36
5 47 12
0 29 71
2 27 66
5 50 37
2 75 35
3 30 31
0 15 35
2 39 53
1 64 53
2 50 55
4 34 80
5 72 49
0 18 64
3 10 19
0 61 22
1 55 78
5 80 1
1 31 38
0 46 77
0 32 56
4 14 42
5 29 8
4 31 43
2 77 16
0 72 32
4 69 7
0 51 79
4 19 32
5 25 67
0 20 31
0 64 0
5 42 13
0 61 68
2 0 25
0 62 64
4 27 43
2 51 78
4 13 68
5 25 2
0 10 29
3 25 15
4 55 36
0 16 77
2 15 66
5 42 63
3 54 26
5 17 69
3 55 59
2 79 51
4 45 1
0 59 53
4 77 44
5 4 79
2 45 46
3 44 73
0 13 46
5 25 55
4 62 52
0 30 51
5 41 26
3 50 77
4 6 66
2 39 76
5 5 40
4 37 63
5 42 22
2 28 76
4 34 54
4 34 22
0 45 33
3 33 34
2 28 16
0 33 73
4 45 41
3 50 34
2 33 13
2 56 67
3 76 65
0 9 53
3 60 29
5 1 40
3 44 31
5 4 77
3 76 70
0 6 43
0 49 78
1 27 51
3 35 77
4 78 48
0 67 45
2 39 28
0 29 77
0 36 56
0 4 64
0 0 71
0 11 43
0 4 73
0 12 27
3 47 21
0 34 63
4 38 50
2 51 50
0 77 33
3 35 28
0 56 33
0 36 50
3 47 56
4 71 27
2 20 47
3 72 79
2 39 47
3 35 31
5 39 77
0 49 60
0 43 60
4 21 35
4 12 35
3 16 21
0 35 45
3 54 23
4 40 70
0 50 8
5 24 62
0 1 50
0 70 42
3 80 53
4 67 55
0 42 20
4 76 16
4 1 13
2 55 60
2 59 68
3 31 65
3 4 45
0 42 59
2 40 44
3 70 69
5 35 18
3 54 72
4 32 64
3 54 71
5 42 0
4 32 80
2 32 47
5 53 31
5 58 65
3 79 34
0 22 62
4 73 60
2 17 80
2 2 30
4 7 66
2 37 70
2 73 80
4 79 36
1 32 76
3 71 40
5 80 14
0 75 33
0 31 37
4 63 44
2 5 30
0 16 30
3 16 76
0 66 52
2 34 15
5 35 37
4 59 22
0 72 61
2 6 25
0 23 53
5 68 2
4 39 16
5 46 35
2 79 66
1 36 53
4 11 30
2 77 58
2 43 68
3 61 29
3 42 50
4 15 80
0 7 46
5 54 78
2 79 70
0 48 76
5 50 63
4 8 29
0 41 56
0 39 25
0 30 63
2 62 76
0 78 12
2 70 54
3 66 78
2 15 25
2 5 68
0 33 22
1 47 30
4 52 24
2 63 66
0 50 7
0 37 50
0 55 12
4 56 68
5 76 26
2 14 30
4 12 53
3 35 48
2 49 68
4 62 24
0 9 38
3 36 78
5 44 57
4 37 48
1 54 30
5 67 8
2 62 16
0 71 54
5 62 37
4 45 22
0 56 80
0 1 35
3 13 40
5 60 17
3 47 62
3 60 78
0 68 27
3 39 37
3 31 49
2 59 64
3 64 40
5 13 56
5 42 8
5 42 19
4 49 33
4 79 4
3 0 69
3 68 49
5 61 24
5 61 76
2 12 30
4 76 42
5 4 28
4 59 13
3 15 33
3 64 34
4 49 15
0 61 45
5 35 74
0 41 29
4 40 69
0 0 68
4 65 9
5 37 33
3 25 31
5 64 62
5 73 69
5 13 39
5 47 32
0 39 63
0 40 80
0 27 42
4 55 68
2 77 4
5 63 62
5 42 45
4 59 4
2 49 55
4 18 41
3 46 36
4 61 30
4 7 13
4 50 36
5 55 52
3 68 69
4 0 66
0 12 46
4 48 54
2 34 30
3 16 75
5 13 34
5 78 23
5 30 69
0 10 56
2 59 55
4 36 16
3 72 51
5 24 63
2 75 54
3 29 49
0 73 9
2 69 31
0 39 80
0 22 45
2 43 30
0 48 37
3 7 65
5 52 65
2 19 76
5 60 11
5 30 55
0 15 55
3 54 44
4 34 37
3 78 69
0 2 27
5 2 73
4 12 36
0 49 77
2 55 30
5 29 17
4 67 35
5 53 36
0 45 60
2 7 55
3 66 19
5 39 73
0 79 27
0 47 71
0 14 76
4 8 43
3 47 7
0 21 68
2 78 35
5 39 45
1 64 76
4 9 55
0 48 34
0 64 22
2 69 51
5 14 69
4 17 76
0 25 9
2 23 54
2 56 16
4 57 16
2 7 64
4 72 66
3 16 55
2 77 46
2 78 41
4 64 36
3 76 39
0 1 65
0 42 72
2 38 58
0 43 65
4 11 32
0 11 79
4 11 76
5 49 79
2 9 46
2 34 28
0 68 35
5 22 39
0 2 42
0 18 38
4 18 35
5 42 73
2 34 60
3 32 78
3 54 29
4 73 30
0 64 13
4 77 22
0 18 7
3 54 28
5 22 52
4 69 22
5 47 19
2 3 60
3 46 59
0 72 10
5 78 38
2 70 55
0 34 65
1 65 79
3 76 73
0 35 24
0 47 15
2 48 41
5 60 50
2 11 66
5 0 49
2 49 62
1 71 39
0 48 74
0 64 7
4 29 55
2 40 60
2 33 78
4 79 18
4 19 29
4 44 16
3 61 57
5 47 73
3 50 45
4 58 78
4 36 60
4 63 58
4 54 42
5 53 65
0 55 66
4 38 60
4 21 61
0 76 29
5 33 45
5 76 71
4 37 0
0 19 80
0 67 6
0 75 2
4 29 43
1 16 35
3 68 21
5 30 36
0 9 22
5 67 51
2 56 32
0 1 39
4 34 75
2 29 42
5 16 23
5 0 33
3 76 48
4 19 71
5 32 9
0 25 36
4 31 24
0 19 65
5 73 45
4 79 58
4 69 30
3 35 69
4 28 41
5 5 34
0 18 76
2 37 53
2 38 44
3 62 34
3 61 44
2 11 60
0 41 10
5 55 33
3 48 65
3 71 34
4 40 56
0 26 52
5 63 40
3 25 78
5 64 9
0 68 73
4 70 76
5 42 30
0 48 42
4 4 54
4 40 3
4 45 19
3 39 33
5 32 69
4 39 7
2 73 50
0 49 27
2 41 30
0 38 68
2 63 61
2 49 76
4 79 28
3 32 77
4 3 47
3 63 79
5 52 69
4 40 64
4 69 1
4 69 28
4 75 42
0 65 48
5 61 8
0 23 46
0 8 61
0 39 70
4 56 76
4 38 35
4 59 28
5 55 77
5 30 46
0 69 43
3 47 65
0 52 56
2 28 30
0 62 47
2 73 68
4 74 60
4 34 2
0 5 64
4 52 72
0 39 69
4 34 67
3 43 40
3 53 62
3 80 52
2 5 35
5 35 23
0 63 25
2 59 43
0 23 30
3 31 69
0 1 58
5 43 8
0 62 65
3 24 37
4 34 55
1 70 50
5 18 65
3 55 7
2 52 46
3 48 51
2 51 55
3 78 58
0 41 27
3 61 28
3 67 37
5 70 19
4 65 32
5 32 24
0 42 74
2 58 61
4 38 63
3 38 37
0 26 54
5 43 77
4 59 42
0 36 80
3 80 24
4 79 53
4 45 23
0 30 62
5 64 12
0 19 66
2 38 4
2 65 16
5 23 34
2 40 53
2 23 61
5 32 3
5 68 20
4 75 25
3 61 79
2 73 61
0 11 37
3 10 33
4 34 6
5 40 45
0 30 77
5 79 45
0 64 26
0 37 74
5 55 79
4 51 13
2 59 47
3 66 55
4 33 72
4 57 32
4 28 48
5 41 70
2 72 47
4 58 16
2 75 41
3 51 37
0 29 79
0 63 17
4 79 0
5 66 74
5 42 65
3 61 39
3 4 7
3 25 64
4 73 20
0 65 80
3 48 49
0 77 35
0 63 26
0 36 55
0 8 22
2 17 35
0 21 51
4 20 66
1 31 63
0 70 30
5 20 40
0 68 19
4 66 80
0 24 55
3 15 49
4 8 30
0 46 40
3 68 52
4 17 55
3 48 27
0 35 5
0 1 49
4 74 16
0 36 26
3 58 69
4 46 60
4 17 78
4 35 46
2 79 72
5 54 70
2 20 68
5 38 62
2 45 70
3 10 69
2 45 76
4 8 78
2 44 41
0 4 27
2 50 47
5 59 34
0 34 78
2 45 32
4 48 61
4 10 4
0 17 30
3 76 37
0 31 7
2 27 29
0 41 24
1 68 42
5 64 78
0 47 0
2 38 22
2 55 25
5 35 20
2 72 42
0 13 60
5 18 69
0 27 55
5 58 71
0 52 22
0 24 43
0 33 80
5 66 5
2 17 53
5 76 52
0 68 6
5 32 38
0 15 34
0 66 23
3 35 39
4 58 28
4 58 44
0 24 48
0 6 59
3 29 63
2 51 68
0 43 21
0 78 28
0 72 33
5 4 56
3 66 7
4 45 56
2 48 64
0 23 74
0 32 18
0 29 6
5 36 59
3 30 71
4 9 80
3 71 37
4 45 57
5 72 58
4 45 40
5 61 65
0 12 29
5 13 73
0 40 10
5 39 71
0 6 55
2 35 68
0 69 72
4 31 51
4 32 54
2 67 60
3 50 73
3 6 37
0 13 66
0 22 80
4 69 14
0 47 69
0 64 58
0 12 51
5 66 56
3 60 26
2 38 55
0 63 2
2 50 53
4 37 76
4 63 13
3 64 75
2 78 30
5 66 33
2 69 46
4 29 41
3 80 3
4 6 30
0 60 36
3 46 53
0 67 53
5 79 37
0 67 72
4 73 29
4 8 55
4 9 60
3 42 78
0 70 36
4 50 76
3 25 27
3 15 65
2 26 30
0 4 65
0 38 17
0 65 6
4 69 41
2 56 25
1 32 61
4 27 41
2 49 42
2 77 43
3 42 29
0 28 8
0 10 48
4 37 18
0 8 41
0 70 8
5 7 59
0 49 29
0 17 22
4 75 61
1 50 44
4 57 46
5 41 57
4 33 67
3 25 62
0 57 38
4 65 27
0 16 54
3 32 7
5 41 76
0 2 25
4 46 30
0 80 7
2 45 13
5 42 17
2 63 42
3 47 36
5 22 34
3 68 43
5 29 23
0 1 60
4 23 60
5 67 14
2 60 68
4 66 35
3 64 51
3 36 5
5 35 19
0 72 39
0 2 55
3 30 18
5 46 33
0 9 51
0 79 32
5 30 43
4 4 42
5 32 45
2 22 25
4 45 14
5 78 56
0 38 53
2 0 54
0 25 71
2 37 42
2 7 50
2 23 42
0 51 5
4 24 76
5 25 74
5 70 77
0 45 65
4 33 36
4 63 6
3 4 52
0 52 18
3 55 38
4 49 36
0 65 76
5 80 31
5 13 57
4 14 78
0 61 10
0 15 79
4 9 41
4 73 13
5 54 66
5 25 32
4 67 30
0 58 8
2 52 58
3 80 27
5 13 69
2 46 42
5 4 33
4 63 52
3 30 58
0 41 62
4 12 54
2 58 68
5 4 51
0 42 18
2 69 39
2 15 42
5 67 56
2 73 4
3 68 62
5 41 78
0 30 59
5 68 40
2 8 60
4 34 18
4 2 16
0 16 64
5 60 7
4 77 7
0 40 54
5 46 18
3 30 24
5 73 40
4 1 68
2 75 46
3 70 38
2 45 71
5 47 4
5 9 33
5 36 77
5 66 72
3 25 14
5 44 56
4 45 2
2 5 16
0 11 55
0 27 21
2 38 43
2 73 53
0 27 1
0 57 51
1 37 49
4 72 35
0 47 26
2 49 30
0 0 51
5 28 62
5 29 26
5 47 35
2 17 32
0 54 11
3 25 37
5 11 73
0 29 22
5 27 79
3 70 37
4 64 80
0 30 45
4 59 71
2 45 66
4 23 78
5 62 45
5 35 41
2 35 30
2 62 42
2 65 22
0 38 73
2 40 30
0 45 10
2 36 42
4 65 31
4 52 4
5 43 26
5 46 2
0 28 40
5 60 37
0 43 80
5 42 26
3 80 19
5 75 40
4 34 47
4 14 29
3 47 55
2 69 33
5 53 69
2 69 53
3 60 61
3 41 11
5 3 34
4 63 31
4 59 80
0 16 5
0 44 14
3 46 51
5 46 69
0 35 13
4 66 16
3 28 37
4 75 13
3 42 61
3 61 49
5 64 21
5 28 65
5 54 25
0 3 68
0 28 53
4 12 32
3 43 45
0 64 43
4 38 25
2 9 68
5 36 58
0 48 7
5 77 40
3 51 33
3 65 40
0 43 10
5 66 60
5 31 45
5 11 40
0 44 69
0 10 50
2 31 50
0 78 66
5 17 40
4 27 70
5 67 78
3 67 73
2 19 43
1 42 54
3 10 34
3 41 75
0 10 76
5 48 8
3 41 53
0 45 43
4 78 68
2 79 78
4 66 25
5 55 50
3 76 5
4 49 37
4 11 61
5 36 8
3 25 20
5 38 52
0 65 52
0 3 27
0 27 26
3 4 71
3 41 15
5 64 52
2 50 66
3 54 64
4 45 26
2 73 55
2 26 60
5 51 39
2 51 36
0 16 47
4 65 51
0 43 46
4 14 67
4 57 44
0 69 58
3 29 51
3 29 39
5 66 62
2 43 66
0 48 28
5 68 13
5 16 27
0 66 27
0 22 78
0 36 49
3 53 38
5 35 40
2 73 54
3 32 5
3 53 63
3 36 33
0 15 73
0 58 36
2 70 46
5 54 43
3 24 69
2 52 32
5 53 73
4 44 50
5 68 61
4 77 64
5 41 3
0 8 54
5 47 58
3 55 31
3 80 35
2 14 54
0 7 68
4 45 31
0 17 50
2 49 48
5 30 53
4 58 25
3 78 50
0 78 64
2 28 32
1 80 54
2 7 43
4 51 7
0 68 31
0 58 26
0 30 14
2 50 54
0 67 21
5 51 40
2 34 62
5 9 34
5 26 34
3 55 75
2 8 25
3 36 43
0 22 38
3 47 41
0 13 65
0 7 62
2 38 64
4 9 43
5 67 17
5 43 49
5 29 58
0 24 66
1 67 29
3 46 7
0 80 11
5 13 27
0 14 64
2 58 42
0 17 58
0 13 45
5 66 14
4 69 25
4 5 54
1 41 60
0 38 54
0 68 28
3 47 23
4 34 64
2 28 46
0 27 10
2 37 62
4 7 41
5 27 59
0 68 33
3 36 63
4 78 67
1 53 76
0 0 80
4 7 36
5 61 6
0 42 9
5 25 1
0 77 25
4 50 70
5 76 3
0 49 73
0 38 71
0 38 79
3 35 15
4 14 53
4 45 64
4 72 46
2 52 68
0 8 72
4 65 61
5 47 13
5 76 6
4 69 26
0 1 22
0 11 41
2 12 80
0 22 54
0 20 52
0 51 72
0 63 48
5 78 19
0 46 17
2 38 32
5 7 73
2 11 47
2 69 10
4 6 36
2 43 53
4 63 29
4 24 41
2 61 54
5 68 0
5 46 24
3 35 3
4 51 27
3 60 53
5 16 48
5 53 24
3 6 49
5 78 5
3 25 29
4 49 65
3 39 31
5 29 69
3 64 14
3 28 19
4 11 35
2 6 60
0 49 80
5 19 45
0 79 44
0 10 71
2 65 62
3 64 23
4 17 60
5 13 77
3 80 33
4 34 8
2 63 64
2 60 42
0 71 33
4 69 73
5 48 5
2 71 25
4 53 54
2 70 47
4 77 60
4 62 48
3 54 16
4 7 32
4 65 36
0 7 33
5 76 21
3 29 50
0 74 31
3 47 79
4 24 53
5 60 22
0 61 23
5 5 69
4 65 60
4 52 10
5 54 79
2 62 61
0 5 58
5 41 74
2 12 41
5 21 69
5 46 6
0 67 41
2 75 29
3 7 49
2 40 22
4 10 30
0 61 17
0 51 16
2 14 16
5 64 15
0 60 48
0 60 34
5 51 77
2 67 36
2 45 53
0 37 56
2 15 54
5 80 51
2 23 25
5 26 69
0 28 7
1 36 64
4 34 36
3 61 14
3 29 62
0 22 6
5 13 19
5 35 0
0 8 38
2 45 58
0 72 68
3 47 53
4 45 62
0 36 19
4 38 15
3 64 28
5 80 58
4 44 72
0 8 42
5 32 58
4 15 76
3 68 16
2 3 30
0 36 48
0 79 24
0 60 67
5 46 3
0 13 41
3 68 18
0 5 39
4 79 30
0 58 79
3 46 26
2 52 25
3 64 63
2 34 49
5 80 10
4 8 67
2 64 60
0 55 70
3 47 16
0 75 20
3 72 59
3 68 63
2 50 80
0 45 7
3 30 44
0 53 18
2 50 48
0 54 17
2 49 66
2 3 42
3 16 67
2 33 68
5 53 39
4 35 25
0 27 8
3 55 28
3 76 14
3 67 40
3 24 45
0 70 1
2 34 43
3 61 50
5 49 34
3 22 9
2 7 47
3 42 69
4 59 36
5 61 21
0 52 36
5 16 74
2 63 16
3 76 78
0 46 57
5 80 29
4 69 17
0 20 80
5 55 71
0 29 68
4 58 30
3 72 65
1 27 7
0 71 15
0 76 54
0 18 71
0 80 34
5 80 39
3 43 37
2 3 25
4 9 30
3 60 57
4 29 78
0 17 51
0 20 55
4 33 71
5 58 37
4 73 71
4 6 32
3 70 59
3 76 7
4 19 70
2 52 48
0 0 77
2 66 42
0 44 19
4 7 76
3 66 48
0 17 70
5 27 19
3 42 31
5 35 72
2 59 70
4 18 60
2 65 55
5 78 49
3 68 51
5 30 15
2 31 30
3 47 60
4 13 54
3 47 52
0 49 11
3 68 29
4 73 35
4 69 29
4 38 10
5 48 55
0 48 77
0 12 42
2 49 52
2 40 47
5 77 34
0 13 61
5 13 71
4 61 66
0 3 29
3 60 79
0 29 1
5 76 44
4 79 67
4 40 0
4 40 77
5 30 1
0 59 16
5 35 58
4 69 23
4 31 15
2 77 67
3 76 69
2 73 28
0 77 70
1 45 34
5 43 56
0 31 54
0 39 35
4 57 13
0 18 73
4 60 30
4 51 80
4 53 41
0 24 47
4 65 13
5 43 17
0 16 50
4 22 16
5 25 45
4 3 53
5 67 23
0 47 61
3 22 37
0 75 49
1 54 47
3 43 63
0 72 26
3 64 77
5 54 40
4 55 41
0 8 76
0 59 63
5 76 27
3 47 77
0 36 65
4 45 35
5 24 79
0 52 59
2 65 10
0 74 33
2 9 16
3 41 64
4 64 35
3 16 43
5 7 19
4 34 12
4 50 78
2 19 60
5 33 40
4 18 66
5 60 32
3 16 33
3 29 52
2 73 41
0 75 65
3 16 37
5 38 34
0 4 36
4 9 67
4 7 48
4 65 43
5 48 23
4 59 30
4 23 76
4 21 32
0 78 21
3 71 38
1 51 71
3 44 33
4 1 54
4 40 16
5 30 4
0 55 21
0 71 2
0 24 59
5 53 29
3 30 35
2 26 25
2 40 52
5 9 79
4 9 66
0 35 49
3 51 31
4 56 13
0 32 0
5 41 7
2 50 35
5 60 75
0 43 19
2 51 4
4 29 60
0 66 43
2 55 76
5 32 12
4 62 43
4 63 15
3 42 46
0 37 15
0 33 63
0 47 59
4 33 10
2 44 80
0 66 6
0 74 52
1 48 78
0 27 76
5 22 59
3 46 55
5 36 62
5 54 69
3 28 63
3 54 37
4 34 77
2 21 16
2 44 68
2 69 44
2 77 29
5 13 63
5 47 24
0 39 46
0 70 27
2 31 70
0 67 15
4 31 64
1 52 31
0 1 32
0 6 48
2 31 80
4 28 4
2 27 16
4 34 11
3 46 58
5 27 77
5 26 40
4 40 9
5 66 79
4 31 10
4 19 35
1 30 25
0 48 22
4 34 26
4 19 16
2 39 54
0 26 39
5 57 40
0 52 64
3 71 69
3 66 11
2 9 64
4 44 54
0 67 3
5 47 42
3 80 28
3 47 37
4 70 35
2 67 32
4 31 46
0 43 58
4 19 54
3 32 44
4 73 47
0 32 65
3 66 58
0 2 14
0 33 58
0 71 9
0 57 71
4 79 55
0 53 1
4 52 15
3 36 79
4 11 53
0 7 10
3 67 50
3 72 27
0 4 34
4 43 54
3 46 38
4 45 12
0 79 46
3 47 76
5 16 0
0 31 59
3 76 28
4 26 68
0 9 52
3 4 59
4 45 4
4 52 29
5 21 34
3 16 56
5 74 45
4 26 46
4 40 73
0 42 55
5 53 12
4 18 46
5 74 69
3 35 7
3 49 69
5 7 69
4 40 19
0 34 72
2 40 15
0 5 72
3 72 52
0 5 27
5 44 59
0 3 46
0 77 20
0 69 38
0 48 4
2 76 47
2 69 0
4 77 10
3 46 62
5 3 69
3 7 63
0 8 68
3 25 59
4 57 25
1 60 66
2 57 53
1 16 41
5 47 75
4 40 34
2 22 68
1 61 53
3 66 21
0 40 6
3 47 46
2 44 30
0 43 4
4 10 54
4 3 36
4 40 23
5 10 38
5 76 15
0 63 7
4 38 80
5 78 9
2 33 60
2 61 41
0 26 31
4 56 28
5 51 62
4 50 16
0 63 43
0 54 32
5 32 11
2 76 30
4 76 60
0 43 62
0 16 71
5 17 34
5 16 63
3 16 59
3 60 59
2 19 4
3 6 34
2 27 44
2 31 44
0 3 80
3 16 39
4 26 61
4 26 47
0 39 0
4 69 21
2 33 62
5 56 40
4 69 5
2 79 15
3 31 40
4 0 47
5 2 45
0 11 77
5 76 64
4 38 31
4 20 16
4 19 47
5 6 19
4 40 14
0 42 64
3 27 37
2 40 55
4 27 80
4 67 48
0 25 5
0 0 61
2 79 68
0 49 20
0 51 54
4 71 51
3 18 45
5 63 38
5 42 27
5 78 31
0 16 42
2 79 25
0 23 16
5 10 45
5 68 17
0 46 15
5 35 55
5 54 13
3 47 9
0 10 51
0 42 67
3 66 49
3 80 0
5 16 72
5 61 32
3 35 38
3 64 67
3 64 71
4 58 46
3 47 57
4 13 25
5 41 71
2 39 32
4 49 54
0 22 36
4 26 64
5 61 31
5 8 34
0 1 36
0 52 13
3 25 38
0 51 26
5 22 56
5 29 44
5 30 65
3 44 77
3 76 34
5 42 28
5 36 6
4 69 20
3 25 3
4 74 66
4 40 11
4 31 25
0 62 29
0 60 73
0 53 5
5 24 38
4 35 47
4 10 68
3 68 3
4 31 16
3 30 70
4 32 25
2 36 54
5 16 78
2 75 32
5 30 56
5 29 14
3 25 53
0 36 51
2 49 46
5 54 2
5 53 11
4 43 67
4 8 66
4 23 66
0 43 1
3 66 26
4 80 42
4 15 53
3 46 19
4 44 29
5 25 51
4 69 11
2 67 54
4 34 14
5 53 70
4 56 22
0 74 68
4 71 43
2 76 41
0 62 49
4 71 42
4 40 57
0 68 79
3 30 7
0 76 51
2 71 41
4 74 46
4 37 65
3 55 45
5 52 63
5 70 45
5 44 28
5 4 10
3 28 38
4 26 78
2 31 71
4 31 68
3 64 5
4 6 47
5 50 58
4 45 6
0 52 78
5 29 73
5 60 63
2 36 68
0 24 29
3 25 43
4 28 68
0 1 41
5 48 19
2 34 50
5 70 51
0 36 74
3 35 29
4 61 47
2 70 32
0 75 36
5 64 50
5 47 78
5 22 71
4 42 68
5 55 5
4 31 36
5 42 21
2 11 80
3 42 52
5 70 28
5 58 19
4 45 5
5 58 7
4 34 23
5 25 49
4 11 64
5 71 77
3 30 73
5 35 36
4 21 64
3 64 45
4 30 47
4 75 64
2 50 43
3 51 45
4 51 22
5 55 9
3 4 49
2 33 16
2 33 76
4 21 53
5 41 28
3 53 75
0 5 61
4 56 78
0 20 79
0 80 9
5 44 75
2 56 53
0 71 3
2 36 66
5 60 12
0 33 1
2 45 67
0 35 75
4 40 63
3 60 28
0 36 10
5 46 39
3 66 59
4 29 48
5 67 62
1 65 33
5 78 17
0 43 15
5 67 27
3 68 24
5 57 45
5 78 8
2 65 29
4 3 64
2 75 80
0 37 60
4 78 16
4 80 68
0 7 54
4 9 42
4 72 25
4 35 16
0 1 72
4 15 32
4 27 22
5 14 40
4 38 24
4 4 68
2 77 48
0 32 57
2 73 25
2 33 48
4 40 68
4 63 10
4 71 58
2 79 16
4 4 30
0 35 21
5 46 20
5 16 22
3 66 28
5 11 34
3 67 28
0 35 12
3 44 51
2 67 42
5 53 21
4 62 38
3 54 38
0 49 63
5 53 15
4 58 64
4 23 55
4 19 39
5 22 75
3 36 34
3 80 20
3 64 19
1 37 79
4 38 6
3 53 67
5 46 0
0 53 30
2 48 80
4 73 27
0 40 29
5 44 79
0 63 37
2 58 29
3 10 65
5 54 10
4 56 42
0 44 64
0 26 70
0 67 12
2 51 25
4 21 80
4 19 13
0 45 42
5 42 4
0 27 50
0 4 55
3 67 65
2 39 60
4 17 61
5 66 40
5 11 45
5 80 15
2 77 61
5 72 44
4 22 60
4 63 39
4 1 25
5 67 5
5 68 11
0 27 17
4 77 39
4 19 51
3 70 63
3 6 69
4 26 76
0 41 80
0 61 37
5 43 5
0 26 4
5 41 72
5 72 70
0 22 10
5 68 39
0 7 40
2 59 25
4 17 67
4 26 48
5 12 40
5 20 45
4 23 29
4 45 59
5 60 20
2 74 30
0 77 9
0 71 12
5 13 75
4 57 22
4 40 5
5 43 69
5 16 58
0 61 9
3 35 67
3 43 71
5 32 71
5 10 77
5 66 22
0 8 31
5 51 59
3 43 34
3 80 49
2 23 64
3 46 71
5 76 24
2 70 78
0 40 65
0 40 66
5 30 5
5 35 66
4 65 78
4 12 64
0 7 75
2 62 30
0 54 77
4 22 41
4 40 21
0 19 79
5 41 0
0 0 52
4 41 66
5 55 17
0 40 51
4 37 9
3 48 57
4 9 29
4 34 4
4 51 58
5 60 72
0 26 50
0 37 75
3 43 28
5 26 45
2 73 72
0 10 53
4 58 50
0 32 73
2 32 30
3 27 63
3 80 41
3 47 51
3 67 79
4 47 80
5 22 73
5 46 63
0 47 43
0 75 47
4 40 12
0 29 4
4 33 46
4 10 25
5 30 6
4 19 58
0 31 17
4 34 21
3 36 67
4 71 36
4 73 51
5 43 55
4 11 36
2 27 4
2 52 35
1 43 48
4 24 80
5 25 63
3 76 79
0 37 22
0 51 67
3 50 62
5 80 18
4 45 75
4 34 19
2 43 64
0 80 21
4 59 51
5 9 65
0 18 39
4 1 30
4 1 42
5 58 63
2 59 58
2 37 58
3 80 37
4 13 47
5 15 52
2 44 67
5 80 4
0 28 43
5 51 73
0 11 62
4 40 71
0 4 53
5 36 69
5 28 58
4 32 66
4 62 13
3 47 17
5 3 40
2 51 76
4 53 64
3 61 48
3 54 76
4 21 76
5 55 14
5 36 11
2 75 67
2 48 47
5 48 59
5 70 44
4 56 44
5 42 10
5 70 75
5 66 18
0 28 61
4 34 73
5 22 7
2 50 29
5 41 18
4 73 2
2 73 66
2 33 35
3 53 33
5 52 62
5 6 77
5 70 56
5 70 57
4 34 5
0 49 7
5 16 66
3 30 79
3 60 58
3 60 70
0 4 17
3 68 60
0 37 77
5 36 71
0 49 6
3 80 65
4 62 7
5 53 3
2 18 54
4 14 46
2 51 28
5 30 13
1 46 66
5 32 75
0 6 73
4 59 39
4 17 46
5 55 23
4 44 25
2 57 36
5 39 59
5 10 31
2 34 16
5 66 2
5 1 69
3 42 44
0 31 57
5 29 5
0 77 18
4 17 54
0 53 72
0 11 67
0 71 6
3 61 27
0 31 42
5 41 22
4 7 58
4 28 72
5 17 45
0 74 25
5 54 7
0 13 29
0 48 20
0 47 72
2 69 37
4 63 30
5 74 40
4 27 39
2 23 35
5 42 12
1 16 46
5 32 55
4 6 53
5 58 38
4 56 36
5 19 34
5 22 51
2 55 42
0 32 8
0 1 79
0 11 75
4 65 46
2 45 49
4 65 25
0 56 49
0 20 37
2 45 36
0 2 39
5 19 69
0 38 67
5 23 69
3 67 77
5 10 40
3 60 45
5 65 45
4 25 54
0 5 47
5 6 63
3 61 40
4 43 47
2 40 79
5 32 15
4 55 48
2 5 76
4 73 11
0 51 3
5 24 31
4 45 20
0 52 55
2 33 50
5 16 19
3 60 43
4 24 35
4 77 51
5 53 40
4 4 80
2 9 76
4 69 74
2 41 42
2 19 41
5 73 34
5 41 2
4 34 58
4 69 3
0 23 72
5 58 27
1 47 68
4 39 22
4 77 71
5 71 59
5 48 26
4 79 49
4 75 50
4 39 58
5 25 13
5 25 10
5 7 31
5 2 40
1 69 45
5 78 37
3 58 31
5 60 18
0 48 72
2 31 66
3 50 65
4 40 2
4 5 29
0 54 53
0 20 62
4 57 72
0 61 18
2 59 78
4 1 47
4 79 9
4 52 6
4 67 80
5 6 38
2 37 71
0 31 18
4 14 55
4 45 3
5 12 69
2 77 54
2 14 36
3 10 49
2 6 16
3 35 78
3 42 71
0 51 1
4 44 4
1 76 61
4 15 61
4 36 25
5 43 23
0 63 11
4 40 74
0 16 28
4 70 4
3 47 28
2 77 28
4 57 4
3 46 12
4 6 76
4 1 80
4 6 61
4 58 70
0 39 55
0 37 34
4 16 80
0 7 9
5 56 34
4 59 7
5 64 11
2 79 35
0 32 22
1 69 40
3 72 77
5 64 3
0 53 58
3 80 75
0 67 1
4 26 29
5 43 9
5 9 37
0 63 60
5 27 69
3 76 43
4 20 60
5 42 1
4 65 15
5 75 34
5 16 45
0 37 6
5 20 73
5 41 20
4 73 22
2 14 47
4 22 46
5 80 64
5 32 21
4 72 60
3 66 45
0 0 31
5 77 69
2 56 41
5 67 26
1 25 68
5 53 28
5 6 31
4 71 22
0 67 10
2 69 65
1 47 25
4 17 48
2 34 66
0 75 71
0 52 17
2 14 32
2 14 35
0 51 18
4 75 4
0 8 13
5 42 70
5 68 4
0 57 78
4 21 36
4 42 47
2 57 54
0 78 10
0 20 67
0 80 50
3 76 58
5 13 1
2 71 16
2 65 30
5 58 39
5 64 6
1 80 30
5 5 45
0 63 22
4 2 35
5 13 59
3 42 24
0 73 42
2 59 67
5 70 58
5 32 26
0 33 2
4 45 11
5 56 45
5 58 33
4 74 35
5 56 69
3 6 33
5 28 56
5 32 6
2 66 47
5 28 75
3 60 56
5 65 49
0 37 52
5 75 69
4 40 59
4 53 68
3 71 49
0 61 19
3 10 9
5 47 1
2 11 25
3 4 31
3 68 15
4 78 36
0 28 42
5 22 33
2 39 67
5 60 27
4 20 35
4 17 41
3 16 6
5 36 21
5 4 50
5 53 59
3 6 65
4 38 61
5 43 14
4 72 41
5 78 26
2 44 36
4 0 46
0 26 32
5 61 15
3 64 39
4 15 47
4 5 43
4 19 6
4 77 27
5 55 26
5 15 31
4 7 22
5 64 24
4 40 20
0 62 74
2 79 10
5 51 19
4 69 56
4 9 78
3 80 57
4 45 77
5 78 34
2 62 32
5 27 73
5 25 4
5 53 6
4 5 78
4 40 17
4 50 4
4 6 64
5 36 15
2 65 35
5 66 0
3 64 49
5 46 22
4 12 61
0 46 14
4 59 27
3 54 8
4 2 60
5 9 49
2 77 30
5 23 45
4 62 15
5 8 40
4 12 76
0 74 43
5 46 74
4 27 58
5 50 56
4 31 6
5 60 74
4 0 16
5 77 45
3 28 52
0 0 76
0 19 53
4 13 30
5 68 10
0 80 63
5 64 79
0 39 15
5 36 24
0 33 19
5 50 75
5 42 7
5 76 12
5 8 69
4 4 25
4 23 48
2 48 60
4 75 22
5 4 57
5 36 3
4 22 35
5 16 20
4 77 13
2 56 55
3 15 37
5 60 35
5 18 79
4 57 70
5 11 69
4 5 67
5 12 34
5 58 73
4 5 48
4 34 46
4 69 75
0 56 9
4 10 80
5 36 61
5 54 52
5 6 52
5 60 2
5 1 45
4 68 54
2 21 46
0 30 52
4 32 16
5 24 52
4 73 39
2 31 72
4 49 9
5 46 72
5 50 57
3 7 45
4 19 7
4 56 50
4 2 66
4 34 57
4 69 12
4 63 24
5 39 79
5 67 9
5 1 34
5 71 19
4 45 17
5 2 34
4 0 60
4 75 70
4 50 72
0 58 10
5 72 28
5 13 51
5 72 57
4 20 46
4 24 64
4 10 42
4 65 18
5 16 18
4 40 26
5 20 69
5 39 19
5 66 20
4 26 67
4 77 6
5 48 14
5 4 44
4 14 48
5 4 70
5 36 12
5 8 45
