3 60 70
5 33 79
3 75 71
0 68 24
0 52 12
4 40 7
4 58 7
2 29 60
2 50 61
4 40 71
5 29 57
0 7 72
4 57 29
4 33 62
0 7 18
3 32 65
5 54 52
5 29 14
0 51 4
5 13 51
2 55 53
2 19 20
0 14 42
0 26 46
4 59 27
2 15 78
4 69 8
0 10 40
0 80 43
2 19 28
5 54 40
2 52 44
0 48 59
0 59 53
5 64 27
4 7 28
2 63 46
3 76 51
2 49 27
4 59 31
3 41 56
4 18 67
3 76 44
3 43 7
3 71 74
2 63 29
5 66 17
0 42 65
4 18 66
4 59 71
0 34 6
0 2 36
4 21 61
0 50 37
4 53 30
1 37 79
0 74 9
2 28 32
4 7 47
3 56 63
2 27 41
0 22 38
0 74 71
0 57 19
0 78 28
0 27 75
1 55 48
2 31 58
2 49 29
0 8 61
5 35 9
0 61 13
4 45 79
0 15 30
3 30 64
1 73 7
5 47 44
0 8 68
4 39 13
3 32 74
2 45 63
3 30 60
2 52 56
1 71 58
0 38 35
0 4 37
5 64 58
5 68 31
0 38 8
3 60 76
0 69 43
3 11 37
0 44 79
2 0 54
5 63 19
0 8 36
4 16 54
4 56 75
2 21 46
0 80 38
0 43 49
0 69 38
0 9 35
4 49 55
5 60 74
2 73 4
5 46 7
2 19 55
4 40 66
3 25 39
2 33 55
0 50 76
4 63 50
3 55 31
2 63 30
5 68 45
5 36 70
2 34 25
0 70 72
3 16 63
5 14 34
5 35 72
5 47 4
0 42 48
0 58 47
2 55 25
0 25 35
4 28 50
0 7 74
0 30 7
3 2 52
2 7 76
4 29 43
2 45 72
5 60 46
0 8 13
4 71 39
0 8 46
4 59 42
5 51 74
2 33 51
2 45 4
0 27 40
2 22 42
4 69 29
5 25 32
3 54 57
0 44 67
0 6 41
5 72 66
3 29 37
5 64 39
0 70 21
2 73 50
0 14 2
5 42 31
0 63 11
2 8 66
3 29 75
0 20 54
2 49 44
2 34 79
3 72 63
4 57 36
5 76 36
5 47 5
5 27 62
0 66 78
2 53 25
0 38 72
4 62 52
3 68 12
0 60 5
3 32 28
0 12 77
4 74 68
0 40 15
0 67 30
0 22 44
0 73 62
4 77 63
3 46 74
3 28 58
2 49 48
0 52 23
5 47 67
3 66 55
0 75 5
5 2 28
4 77 42
4 45 39
4 34 60
4 15 48
0 35 79
3 29 34
4 40 34
0 35 58
3 20 19
5 62 74
4 59 40
3 54 19
2 58 80
0 63 61
5 16 49
0 18 52
4 43 46
3 64 78
5 73 34
4 16 35
4 53 16
3 10 37
0 37 58
5 16 64
0 58 19
2 18 36
0 0 25
4 11 35
4 77 2
0 0 39
0 13 29
5 68 37
5 72 52
3 58 62
2 34 36
0 52 75
3 60 63
0 38 71
3 36 19
0 16 28
0 36 10
0 2 17
4 19 68
5 41 46
3 43 75
0 26 27
0 29 58
5 27 19
0 41 55
4 45 21
0 71 10
2 76 35
2 23 72
2 21 80
2 78 30
0 6 9
5 54 75
3 80 20
5 8 69
2 78 25
2 57 60
2 11 47
1 2 41
0 9 42
0 32 13
4 19 80
0 14 52
2 70 66
4 39 25
2 55 47
3 80 8
4 3 24
4 74 35
4 37 15
4 31 56
3 2 65
4 9 25
4 34 65
5 42 66
4 58 64
2 0 32
5 57 79
0 33 58
0 39 61
0 44 69
0 55 76
0 56 35
4 59 73
2 15 43
0 54 33
4 19 52
0 52 40
0 14 74
4 19 76
3 5 59
4 28 78
0 47 26
0 5 46
0 77 61
0 23 40
2 75 55
3 70 51
0 58 43
0 27 70
5 35 57
1 76 53
5 56 71
5 43 59
4 74 4
3 77 69
0 67 36
0 80 14
3 53 77
5 76 6
3 50 40
0 28 48
2 7 67
0 38 54
0 54 14
0 59 64
2 60 25
5 80 51
4 55 42
5 70 40
0 26 52
4 79 10
2 79 28
0 36 26
2 20 42
0 46 65
0 34 71
3 80 60
2 44 53
0 55 21
2 26 36
4 17 68
0 25 59
0 78 65
3 60 78
0 61 47
0 72 57
2 52 66
2 74 24
5 74 59
5 25 50
4 51 30
0 70 11
5 72 16
5 75 49
2 19 70
4 29 42
4 70 44
3 16 52
2 61 30
0 57 38
5 16 55
3 22 67
0 2 30
5 16 29
2 62 64
4 71 72
4 11 42
0 2 77
4 59 70
3 29 50
0 7 68
4 23 2
0 44 21
0 59 38
4 63 35
2 21 72
4 37 70
5 54 38
4 69 53
2 15 36
2 50 36
3 39 40
0 60 37
4 60 68
0 74 27
5 30 47
0 58 17
0 70 35
0 48 34
4 59 52
0 30 37
4 49 80
5 66 24
5 32 0
0 9 50
0 32 25
3 36 7
2 78 61
3 66 29
0 44 25
3 6 63
4 77 38
4 4 68
0 32 9
3 15 40
3 80 24
2 40 18
0 23 69
0 56 37
2 26 60
0 62 47
0 80 0
5 35 56
4 23 36
5 42 23
0 53 70
0 16 75
2 15 35
0 35 18
3 11 49
0 22 0
2 71 13
5 53 40
3 53 49
0 52 78
0 19 32
4 31 54
5 30 67
3 60 64
2 39 29
0 13 26
3 39 34
5 11 79
4 63 38
3 2 71
3 16 34
3 42 26
0 56 79
2 21 47
2 18 46
5 68 60
4 33 38
3 46 20
5 30 56
4 45 32
3 52 74
0 41 10
5 10 57
1 72 35
4 65 5
5 24 3
4 33 20
0 41 15
4 64 32
5 26 45
4 61 36
3 31 65
2 56 55
5 64 14
5 58 38
3 80 49
0 80 16
5 14 49
4 79 47
5 50 62
5 35 65
4 13 54
0 44 47
1 34 59
2 59 54
4 58 72
3 32 33
1 54 80
4 56 36
5 68 20
0 46 39
0 37 61
4 76 46
2 51 29
2 74 0
1 72 60
2 63 13
4 74 14
4 1 30
5 66 61
5 47 34
2 7 2
2 6 35
3 46 23
2 15 41
2 65 43
2 19 36
5 13 74
1 27 73
0 14 36
4 43 67
3 49 59
5 46 62
3 72 28
0 36 52
5 15 31
4 77 25
2 78 53
2 11 80
4 34 13
1 78 67
5 15 52
4 67 78
4 26 66
5 9 5
2 38 13
5 4 39
3 80 52
5 79 40
0 34 18
3 36 0
2 24 42
2 59 47
5 72 11
2 17 53
0 54 79
4 34 10
2 32 66
0 58 79
0 66 43
0 76 52
3 76 62
0 28 49
0 55 24
5 28 51
4 34 68
0 77 7
3 36 29
3 16 44
4 70 46
0 76 23
5 11 73
5 0 69
4 2 72
5 65 57
0 23 61
0 61 5
5 72 48
0 38 73
3 48 71
4 5 67
4 28 54
2 29 41
3 58 52
3 66 36
4 57 52
0 70 37
0 36 73
5 71 7
3 9 74
0 23 54
0 13 2
2 56 16
0 3 25
0 29 16
0 65 34
2 19 6
5 53 69
4 74 36
5 48 58
5 57 40
3 16 18
5 41 0
0 0 26
4 16 46
4 12 76
3 20 77
0 35 40
4 60 16
0 54 37
2 7 16
4 34 23
4 78 32
3 67 33
3 39 52
3 64 17
1 33 49
5 46 43
4 49 25
0 59 15
0 3 20
0 30 22
4 55 2
0 59 78
0 79 45
0 64 79
3 28 45
1 75 44
4 58 35
3 72 23
2 23 64
5 71 59
3 22 24
2 52 42
0 63 51
0 23 60
3 80 39
2 79 2
2 59 58
2 21 41
4 36 22
5 51 73
0 4 61
0 12 37
3 80 11
0 4 74
2 45 67
4 9 78
2 65 48
5 28 71
4 69 55
3 6 58
5 53 58
3 36 59
0 54 48
3 4 45
3 61 28
5 31 63
0 47 60
4 77 36
0 7 41
0 69 37
4 26 29
3 42 74
3 80 69
0 63 58
5 29 78
0 76 47
3 48 57
5 41 20
3 56 34
2 3 66
2 37 77
4 31 55
3 7 52
5 42 56
3 25 41
0 1 72
4 19 42
0 26 64
3 42 37
3 16 40
2 69 32
2 19 56
2 11 25
3 35 21
4 37 23
5 61 45
5 35 46
2 31 39
4 69 45
3 51 79
0 78 13
5 80 22
2 34 75
2 41 68
4 20 60
4 52 58
3 60 55
4 63 31
0 74 61
4 17 22
0 27 79
2 0 35
0 2 57
0 80 9
0 22 51
2 59 68
2 27 13
0 37 75
5 46 11
3 67 27
3 80 59
0 18 77
2 76 25
0 31 80
1 78 48
3 41 32
3 42 12
4 40 6
4 73 47
0 73 57
0 47 14
0 78 10
1 72 41
5 66 5
2 70 78
5 12 40
0 72 42
2 33 25
5 43 62
4 71 50
4 39 58
2 18 16
5 77 19
5 49 33
4 75 70
0 18 31
0 2 53
3 32 69
0 2 51
0 25 73
0 17 54
5 24 63
5 80 48
2 62 39
2 56 80
4 12 47
5 41 79
0 58 69
4 75 42
2 15 61
5 33 74
0 80 55
2 44 48
0 61 72
0 35 20
2 48 76
5 30 55
5 76 26
0 38 61
3 29 15
5 42 64
0 21 42
2 57 32
3 60 58
5 56 52
0 58 78
2 58 29
3 68 62
2 52 22
5 54 4
5 67 79
0 29 52
2 31 68
4 52 77
3 54 65
2 67 16
3 32 38
4 7 42
4 23 43
5 53 19
5 77 34
5 48 23
2 28 2
3 68 2
5 7 65
4 63 20
2 65 77
4 9 80
3 47 11
1 41 66
5 68 72
5 11 62
2 23 66
2 31 53
0 59 9
2 75 64
4 65 39
0 48 63
5 46 8
5 55 29
4 21 36
5 64 48
0 36 79
4 44 4
5 32 56
0 13 48
0 32 80
2 69 47
4 56 6
1 42 47
0 53 79
3 46 44
3 32 5
4 36 25
0 48 4
5 19 59
5 6 20
4 48 78
5 67 62
3 28 27
3 61 70
5 16 73
4 31 51
3 48 31
0 52 65
5 30 74
1 33 65
0 3 44
2 14 47
0 55 40
4 70 32
4 79 49
4 73 70
5 77 45
5 31 59
5 4 20
4 77 60
0 30 23
0 78 27
2 70 54
5 30 58
5 7 40
5 66 15
0 32 55
0 45 65
4 52 68
5 70 57
0 46 76
3 35 43
5 43 29
4 21 32
4 38 78
1 70 50
0 45 44
0 25 55
0 14 64
3 24 45
0 0 58
2 62 61
3 32 59
0 1 41
0 12 72
4 33 73
4 24 4
0 26 70
2 33 36
2 52 20
0 1 27
3 46 55
4 22 54
3 35 74
5 15 38
5 18 59
0 20 13
0 1 78
3 71 37
5 46 14
2 34 39
3 72 12
0 15 80
3 2 40
0 19 72
3 61 52
2 76 54
4 28 44
2 36 47
2 63 32
4 46 41
5 32 17
0 59 65
3 68 70
0 5 20
0 12 73
4 31 66
3 48 49
5 43 17
1 66 16
0 31 75
4 56 78
5 62 63
0 4 35
3 28 52
0 62 50
3 66 8
4 34 57
4 28 41
5 72 24
2 22 68
3 32 40
1 47 80
0 6 10
2 78 22
0 9 34
2 58 30
3 65 40
4 31 70
5 42 0
3 47 76
3 72 55
0 27 66
0 25 56
0 17 66
0 27 10
0 54 43
0 77 6
3 43 79
3 32 14
3 80 35
0 56 53
4 34 45
4 74 48
2 45 54
3 51 65
0 68 40
3 29 38
4 69 35
2 69 64
0 45 6
3 53 65
0 13 59
2 75 29
2 44 22
5 78 37
0 66 42
2 45 60
0 61 17
3 25 43
4 5 36
3 30 17
3 80 3
3 68 48
0 0 53
2 49 35
4 33 57
1 68 42
0 43 60
4 33 18
2 49 32
0 33 77
2 39 44
0 0 76
4 40 28
2 56 30
3 4 5
2 62 4
2 49 62
2 7 64
4 62 51
3 35 14
4 71 42
2 56 43
4 57 35
2 38 75
4 6 47
2 65 24
4 77 71
3 48 77
4 65 60
0 42 55
4 63 76
0 1 36
4 27 42
0 68 33
3 60 18
4 28 76
5 71 52
0 62 22
0 19 54
5 22 41
3 22 9
5 57 33
4 69 4
3 75 77
4 51 76
3 35 63
0 50 66
4 7 78
4 61 66
0 13 38
0 13 52
5 70 58
4 15 53
4 24 64
5 55 70
3 53 29
1 47 54
4 36 80
0 80 5
5 54 8
5 50 69
3 25 45
2 51 55
0 40 54
3 61 48
4 15 64
0 18 32
0 13 72
3 55 33
3 32 73
4 15 22
0 73 40
4 31 46
3 7 63
0 33 7
4 75 36
5 16 67
4 38 31
2 17 46
0 64 18
4 77 55
4 51 68
2 74 5
2 23 76
5 54 17
5 39 33
0 14 56
0 74 25
4 59 4
4 44 13
0 31 47
0 28 57
3 50 39
4 45 35
0 67 25
5 28 79
0 14 66
1 35 22
5 60 41
4 23 35
2 61 22
0 25 60
1 25 47
4 74 37
2 77 73
3 16 56
4 23 46
0 38 23
2 74 7
0 65 13
5 55 23
4 6 80
5 5 57
0 37 71
3 71 62
2 71 2
0 40 5
4 43 66
4 9 64
2 5 72
0 64 13
4 48 36
5 66 79
0 52 11
5 2 64
3 28 33
4 71 48
3 67 65
5 41 3
2 34 47
5 60 7
2 57 77
0 36 68
3 13 15
4 69 28
5 65 37
1 66 2
0 36 75
4 31 62
3 2 79
3 53 75
5 50 28
4 45 3
5 37 69
0 70 8
2 74 18
0 10 79
0 2 55
4 11 32
4 44 16
4 17 60
0 78 2
2 31 7
2 69 18
4 19 38
3 66 50
4 57 2
5 30 69
3 30 15
0 33 3
5 36 31
1 30 54
3 67 52
4 77 53
0 51 16
0 66 62
3 2 21
0 38 32
5 63 33
0 13 34
0 70 55
3 64 40
4 64 41
5 80 30
5 3 34
3 0 40
3 64 34
5 38 69
4 0 67
4 65 15
4 69 49
5 53 28
0 40 16
2 39 16
3 66 44
0 68 53
3 4 19
0 54 49
3 60 36
5 53 11
0 65 76
0 50 1
4 79 50
0 79 68
0 1 24
0 27 60
0 28 9
5 35 77
0 65 35
4 70 48
4 62 16
0 41 27
0 80 66
0 25 69
0 79 48
3 46 15
0 3 50
0 36 35
5 41 21
0 40 79
2 55 16
0 75 20
3 16 23
4 29 55
0 26 76
5 22 66
4 14 25
4 28 66
3 72 18
0 49 21
5 61 3
0 34 15
2 49 38
4 21 64
4 8 32
2 49 75
4 49 0
4 3 76
3 36 67
2 35 68
2 40 30
2 40 43
5 30 73
5 28 40
3 55 45
4 32 46
0 45 11
3 7 37
3 11 15
0 77 70
0 54 70
0 66 13
4 73 41
3 68 7
2 65 20
3 4 26
2 69 25
0 34 46
2 51 46
3 41 23
4 59 34
0 80 40
4 49 65
0 73 69
4 40 9
4 33 75
4 40 78
2 56 46
5 55 77
0 7 60
4 34 1
2 37 28
1 41 60
5 28 75
0 63 43
2 79 39
0 70 41
0 71 15
4 75 41
1 73 51
3 41 40
4 55 66
4 62 73
1 65 79
5 62 33
0 47 72
3 47 78
0 28 65
2 43 61
2 78 46
0 46 21
5 47 13
0 59 7
5 8 74
4 65 30
4 31 64
5 79 65
1 35 41
2 79 24
3 16 31
2 0 16
0 1 51
3 66 56
0 10 34
5 51 58
4 14 80
2 5 64
2 11 30
3 68 3
4 68 54
0 26 63
4 79 37
3 72 34
2 48 41
2 52 39
3 25 37
5 48 69
5 70 28
5 25 75
3 35 34
0 20 16
0 30 14
0 68 15
1 66 46
0 29 71
2 74 53
3 30 77
0 6 67
5 20 57
3 4 12
0 77 8
0 29 53
0 72 29
5 38 34
4 34 55
0 27 67
2 18 60
2 63 80
3 6 57
4 28 6
0 0 51
0 3 27
0 50 25
4 53 41
0 10 50
3 47 27
4 74 69
3 30 62
3 25 77
3 53 51
5 32 21
0 58 16
3 70 71
3 33 59
2 65 63
0 57 13
5 40 69
3 79 59
3 42 24
5 61 75
2 63 7
3 2 15
0 30 43
2 39 35
4 16 80
3 22 64
0 40 29
5 2 78
2 20 68
5 60 65
0 9 71
3 22 34
0 22 79
5 68 0
2 77 20
0 28 77
5 42 73
3 42 79
2 62 20
0 72 44
4 27 71
4 77 11
0 70 2
4 34 72
0 73 59
4 41 80
2 49 2
2 44 76
0 41 4
3 76 34
2 61 25
3 68 78
0 79 42
0 13 36
5 4 57
0 17 41
2 45 28
0 43 31
4 28 67
0 13 62
5 68 51
4 74 70
0 71 55
4 0 55
1 78 43
4 50 35
4 27 7
0 31 69
4 40 73
4 49 5
0 2 39
3 50 74
4 12 35
2 38 80
3 79 34
3 44 31
3 22 69
2 31 13
3 48 62
0 73 66
0 54 11
2 63 48
3 47 61
0 31 36
2 38 16
0 67 51
5 73 58
3 44 57
5 70 74
0 11 43
3 16 27
3 25 62
1 57 37
4 39 6
2 36 41
3 35 69
4 33 2
5 36 53
0 27 59
4 45 1
1 69 40
3 47 75
2 59 46
4 9 29
0 60 26
0 1 44
4 40 46
5 48 15
5 78 56
5 60 14
3 16 21
0 49 24
2 40 0
0 58 1
0 13 41
3 46 17
2 40 64
0 66 25
2 51 47
0 67 32
0 51 12
4 47 42
5 23 33
5 64 11
3 22 8
3 50 58
5 72 17
2 51 60
2 51 66
5 11 21
5 25 65
3 24 79
5 11 51
4 19 71
5 50 65
4 48 72
3 32 57
4 45 19
0 54 77
4 3 60
4 57 50
2 31 43
4 79 18
3 53 55
0 71 3
3 64 38
0 9 52
0 55 13
2 8 76
2 33 48
0 15 72
2 28 68
0 68 11
3 72 14
3 35 24
0 63 44
4 31 16
5 32 36
4 57 49
3 55 28
5 72 31
0 45 61
0 35 12
5 20 58
2 27 36
5 55 34
4 60 47
4 26 67
2 76 60
0 18 74
3 22 57
3 22 18
4 57 46
2 17 30
2 63 25
4 50 6
0 76 10
4 50 22
0 67 45
2 71 25
0 50 73
5 22 70
2 28 60
3 54 35
0 61 50
0 52 17
0 46 68
3 42 61
5 25 54
0 56 22
5 76 21
2 58 41
2 69 50
0 75 34
2 51 50
2 38 2
3 13 57
5 22 72
5 55 49
0 27 53
3 0 19
2 50 32
5 30 63
2 45 31
3 30 70
4 33 61
4 32 2
5 10 5
3 31 37
3 2 34
0 22 52
2 39 36
0 55 15
3 80 28
2 43 64
5 36 77
0 5 19
4 71 20
0 19 35
5 61 74
0 16 19
3 77 33
5 46 71
1 2 16
5 39 79
4 67 2
5 30 59
3 67 50
2 65 61
4 50 55
4 27 50
0 38 60
4 66 22
2 34 38
2 65 42
4 33 72
3 66 52
0 26 4
4 33 54
3 32 37
3 75 58
3 35 67
0 10 61
1 38 63
0 17 27
4 65 44
0 3 56
5 64 49
4 76 42
2 65 28
4 33 39
3 51 57
2 75 47
3 50 59
3 29 65
3 80 27
4 5 29
3 47 31
4 13 68
2 77 72
2 49 50
0 67 37
0 46 3
2 69 67
4 7 71
5 32 45
3 30 35
0 12 63
0 46 69
5 56 69
5 25 10
4 39 67
0 77 40
5 66 31
2 26 42
4 37 52
4 38 4
3 16 8
3 54 71
2 50 68
4 45 14
3 46 45
2 22 30
2 64 22
5 27 69
4 79 36
0 44 11
3 16 61
1 76 32
3 22 78
2 53 80
4 14 43
0 64 60
3 25 74
4 69 76
2 65 47
2 49 53
2 77 16
3 66 3
4 10 30
5 10 69
2 40 47
0 70 23
0 1 29
3 67 57
0 5 76
2 24 35
0 44 49
5 16 60
0 24 9
0 13 60
5 67 73
1 32 53
3 14 45
4 59 8
2 56 72
3 72 61
0 75 25
0 1 53
4 49 61
4 53 61
2 67 46
3 60 20
3 67 44
2 77 27
5 18 37
2 79 56
1 58 73
3 78 33
4 44 50
0 44 14
4 70 42
2 37 38
4 37 48
3 78 63
0 40 25
2 79 6
3 63 65
5 0 57
4 77 35
0 64 8
5 29 67
5 2 63
2 52 70
0 31 44
3 43 57
5 36 49
2 49 20
2 39 78
5 6 77
0 43 6
2 27 55
0 71 43
3 76 17
4 49 11
4 5 61
0 21 0
0 78 3
5 76 50
2 14 35
0 58 9
0 6 38
5 55 7
5 20 52
2 26 80
3 61 62
3 53 74
3 4 8
1 35 66
0 35 3
0 55 30
4 71 32
0 79 15
5 80 47
4 51 56
0 16 5
0 37 7
2 2 54
3 30 53
4 18 53
0 15 29
2 8 35
0 25 51
5 28 56
4 67 42
1 58 51
5 54 28
0 37 22
2 58 13
5 25 11
4 39 55
2 12 4
5 3 69
4 31 15
0 47 71
0 44 59
4 40 70
2 36 66
5 20 45
4 50 56
2 27 25
3 11 31
4 45 56
4 67 29
1 39 27
0 63 28
4 0 66
0 32 63
0 38 55
4 19 63
3 75 57
0 37 2
0 80 45
5 60 28
2 35 80
3 32 15
5 72 49
4 29 76
2 73 35
0 45 66
0 78 39
5 76 12
3 30 11
2 67 35
2 58 60
5 68 61
5 2 61
3 6 59
2 37 53
0 4 52
0 2 43
0 14 1
0 52 5
2 37 10
4 26 9
5 50 38
4 34 80
4 21 76
0 61 26
3 32 26
4 77 10
5 25 12
3 76 15
0 8 39
3 13 19
3 43 73
2 56 42
4 68 47
0 11 67
2 35 54
0 58 8
0 46 61
0 74 31
0 31 72
0 50 12
0 30 45
2 70 80
3 42 57
4 40 3
5 64 53
0 25 71
5 25 9
4 37 5
5 22 36
5 76 43
4 62 24
2 31 41
3 61 57
2 72 54
0 20 78
0 10 74
3 33 45
0 37 74
1 48 29
4 17 76
3 63 45
5 60 34
0 45 71
0 46 42
0 14 38
3 41 24
3 75 7
3 36 27
5 64 36
2 19 4
4 48 54
3 2 48
3 50 49
2 55 80
3 52 69
5 30 0
5 27 39
3 35 55
3 48 28
3 13 40
2 45 76
3 46 64
4 28 13
2 58 28
3 64 28
0 62 45
3 20 62
5 75 51
2 53 66
2 27 2
4 58 2
1 67 43
5 60 77
4 40 72
2 7 35
3 30 21
5 54 15
2 34 78
4 37 66
0 75 32
5 11 71
2 49 58
4 33 46
4 37 31
4 18 41
5 16 78
2 71 22
4 17 64
3 15 69
3 41 64
5 64 51
0 36 50
4 63 53
0 28 22
5 33 37
5 42 5
0 68 34
0 65 51
3 30 3
5 7 39
4 29 22
2 34 53
2 79 20
4 76 16
4 69 75
0 57 41
0 61 15
4 57 5
5 36 62
0 5 11
4 50 80
4 42 80
0 5 44
0 53 37
4 3 16
2 62 66
0 63 57
1 61 64
0 76 19
1 58 39
2 15 55
0 78 7
0 2 75
0 12 31
5 52 62
2 69 44
5 58 27
0 19 39
0 2 49
0 80 56
0 24 65
0 45 13
4 63 75
4 59 74
2 48 60
4 8 42
4 74 34
3 46 49
5 46 75
3 78 62
3 33 40
3 80 63
5 4 15
4 19 77
1 63 52
4 74 21
5 31 79
0 79 38
3 50 79
4 74 3
2 45 57
0 30 19
2 69 57
4 36 64
3 67 34
0 32 70
5 28 39
3 68 50
3 2 23
1 46 35
0 77 64
5 54 3
3 25 58
3 49 34
2 59 13
5 11 40
2 28 55
4 57 70
0 46 63
5 22 33
5 68 44
0 7 56
3 6 69
2 73 16
5 55 8
5 56 45
0 15 67
2 74 67
0 46 40
2 79 22
0 4 65
0 20 31
2 45 7
2 73 29
4 36 30
0 61 49
4 11 76
3 35 76
2 3 4
4 34 63
3 70 73
5 60 29
2 26 32
5 29 69
0 66 54
2 40 49
5 43 15
0 4 53
5 22 15
3 42 34
4 62 11
4 32 47
3 66 12
2 27 46
0 39 10
0 38 58
3 28 19
4 53 60
3 35 75
0 32 58
4 0 41
3 42 71
3 35 50
0 44 46
2 43 68
2 63 70
0 53 73
5 18 79
0 1 16
4 40 35
0 71 30
2 49 72
5 53 31
5 41 71
5 13 73
2 78 42
4 22 46
4 56 67
2 8 54
0 12 67
3 27 52
3 80 41
3 18 45
5 67 17
0 45 15
2 35 47
0 10 33
0 39 1
2 20 72
0 46 79
0 35 10
4 32 16
0 4 11
5 61 6
2 37 41
0 71 46
3 35 23
3 68 14
2 75 80
5 46 6
5 6 34
0 77 43
0 68 56
2 65 68
4 5 16
2 59 35
4 0 64
5 54 16
2 70 43
2 62 80
3 46 48
4 74 39
4 72 46
0 33 47
5 53 67
3 53 63
5 39 69
3 24 57
3 20 59
2 51 72
4 63 62
3 56 27
5 76 27
0 32 1
2 39 54
3 38 79
2 36 46
3 36 23
2 37 67
4 7 80
0 59 22
0 27 22
4 40 57
5 44 70
5 25 27
5 20 34
4 45 58
3 11 69
3 44 65
4 70 4
0 80 67
0 55 11
2 19 29
3 51 40
2 69 30
3 2 24
4 32 72
4 39 7
0 56 66
0 44 30
3 36 58
3 60 59
3 60 27
5 29 44
3 67 70
0 77 44
5 58 74
1 7 58
3 13 69
0 56 76
5 48 26
4 5 35
2 57 71
4 14 55
5 62 38
0 21 16
3 46 58
3 67 40
0 65 27
2 19 43
3 39 45
3 47 21
3 4 33
5 41 70
4 8 60
3 46 31
2 17 36
2 52 25
4 75 60
2 31 6
3 41 34
2 52 2
3 52 33
2 40 76
3 42 44
2 35 30
4 59 44
4 77 46
2 69 0
2 39 76
0 30 76
0 38 66
0 55 3
5 76 63
4 49 43
3 39 49
0 49 73
4 47 30
4 61 41
0 64 15
0 18 71
3 22 23
2 71 4
5 65 45
2 19 13
3 11 34
5 16 48
0 69 41
0 4 17
5 29 17
0 30 24
0 45 43
4 5 54
3 0 34
0 12 29
4 64 47
5 4 71
4 61 2
0 10 70
2 65 11
0 47 59
4 51 75
3 49 69
2 77 13
0 39 56
5 22 71
0 57 22
0 76 9
0 78 54
2 71 47
2 79 53
3 41 39
3 55 50
4 60 22
0 11 78
0 51 19
3 41 53
3 11 38
4 44 29
4 37 78
0 73 52
5 70 15
4 34 8
2 79 77
2 79 25
4 11 60
4 70 30
5 8 45
0 44 61
3 61 65
0 15 20
2 73 75
0 24 29
4 73 25
5 55 51
0 54 29
2 52 27
5 47 25
4 51 11
4 62 29
0 74 44
0 78 44
0 78 16
0 43 47
5 0 33
3 76 67
4 6 76
5 30 25
0 62 48
0 20 43
3 50 33
5 47 10
0 2 42
3 56 19
3 64 23
0 47 6
2 18 68
0 77 9
5 78 19
5 10 59
3 62 65
3 62 59
3 41 67
4 45 23
3 30 46
2 44 43
4 70 29
4 39 80
3 53 15
3 22 3
5 72 19
5 7 45
4 59 0
0 16 38
0 43 3
5 60 21
5 24 74
4 22 80
3 47 46
4 3 46
3 66 20
5 48 79
0 42 63
5 70 77
5 32 18
4 80 68
0 68 39
3 61 18
2 70 76
0 51 5
4 74 6
0 23 53
1 68 30
4 15 4
0 47 22
4 29 66
4 9 60
4 37 76
4 24 80
4 31 73
0 34 67
4 79 23
3 55 69
2 45 2
3 64 31
0 67 53
5 64 24
4 69 17
4 62 7
3 48 19
2 59 57
2 69 7
5 75 27
5 66 37
5 25 72
0 10 58
0 77 17
0 54 67
3 18 40
2 57 51
0 14 76
3 32 7
0 37 72
5 36 12
5 44 56
2 19 0
0 7 44
3 35 62
4 38 52
4 17 78
0 80 58
0 44 2
3 77 65
0 33 16
2 33 67
0 36 15
5 73 49
3 51 38
0 58 24
4 37 30
0 23 47
3 46 51
4 69 31
4 71 73
3 25 76
2 74 51
0 41 73
5 48 37
5 80 34
2 55 32
2 74 30
0 5 27
5 68 35
4 2 66
0 10 22
0 65 53
0 61 1
5 47 58
0 79 32
0 26 38
5 23 79
0 22 39
2 37 13
4 78 47
0 32 62
3 2 20
3 77 37
2 52 73
1 77 31
4 58 71
0 49 7
3 29 73
4 19 27
3 71 31
0 75 35
5 43 78
2 45 42
0 75 22
3 48 39
5 72 2
4 20 46
0 75 63
3 70 31
5 39 77
2 49 10
5 72 51
0 4 34
5 34 40
0 64 25
2 37 20
0 71 21
3 35 59
1 65 49
3 36 55
5 24 77
0 15 32
5 29 51
4 46 30
0 9 68
3 25 66
3 16 39
3 44 74
3 44 39
2 59 80
0 74 33
5 38 19
3 42 62
2 73 43
5 70 49
3 58 49
3 52 37
2 45 53
2 28 47
5 39 73
3 2 8
3 80 64
5 29 18
5 80 54
4 43 76
2 27 43
2 28 25
3 2 3
2 3 68
0 57 34
2 18 54
0 40 61
0 56 8
4 69 13
3 56 51
5 61 27
5 9 69
0 73 8
5 36 51
0 20 70
2 39 28
0 2 76
2 17 16
3 13 63
0 9 46
2 37 11
3 54 21
5 71 27
0 18 73
4 51 71
3 80 76
1 42 30
0 66 53
2 37 24
0 5 56
0 54 44
0 42 49
0 79 12
0 39 63
0 42 18
5 42 16
5 54 66
3 72 6
5 71 45
4 48 22
4 52 4
4 9 67
2 45 9
0 5 30
2 33 80
0 52 54
0 74 50
0 75 69
4 74 1
0 28 8
2 40 60
0 17 47
3 13 7
0 19 66
3 76 58
2 37 39
3 27 57
0 1 76
0 61 29
2 0 80
3 43 56
4 18 64
3 60 75
0 52 0
3 11 33
5 4 75
0 76 33
2 24 66
2 71 44
3 66 27
4 74 10
2 57 48
5 3 19
3 16 37
5 54 69
4 9 30
0 15 73
2 14 41
5 41 11
0 63 23
0 20 37
2 62 46
3 30 8
0 60 12
0 21 68
0 44 12
0 68 18
0 42 67
5 25 48
2 38 30
2 79 66
0 22 55
0 64 43
0 65 32
1 42 25
2 58 36
5 4 73
5 16 41
0 58 5
3 47 36
5 76 37
5 42 7
4 45 41
0 63 4
2 52 28
5 4 28
2 37 56
2 38 20
2 67 64
2 31 42
2 56 54
0 34 14
4 0 43
0 38 0
3 72 67
3 71 19
2 74 78
0 23 44
3 35 0
5 78 8
5 76 45
3 7 33
5 72 39
3 47 66
0 44 20
0 34 49
3 76 14
3 61 37
0 58 26
0 16 32
4 65 58
5 15 77
2 45 62
0 2 58
5 25 64
0 58 45
3 78 34
5 30 65
0 28 17
3 13 39
2 57 67
3 66 6
3 68 63
2 73 80
3 9 59
2 52 60
5 55 39
4 5 66
4 41 16
2 34 64
0 69 48
2 34 33
5 64 20
4 11 41
3 46 33
2 57 10
0 60 8
0 80 33
0 67 61
4 71 56
5 19 74
4 23 78
1 22 2
4 31 25
5 29 8
1 76 64
4 61 42
5 76 0
4 20 6
2 37 54
0 6 46
5 43 19
2 79 55
3 32 78
4 2 25
5 32 64
5 42 14
0 65 10
5 6 56
0 63 34
3 60 61
3 6 45
5 29 26
2 52 80
4 23 67
4 34 56
2 34 62
4 52 64
0 78 36
3 65 69
0 60 48
2 23 16
2 45 10
4 52 67
0 73 2
5 72 69
0 18 3
3 42 58
5 7 38
0 11 48
3 48 38
5 22 16
0 34 77
3 32 48
4 65 62
1 28 70
3 68 29
5 1 34
0 8 75
0 47 7
0 29 63
5 64 0
5 36 24
0 46 13
5 18 33
5 48 43
5 54 26
4 64 16
0 20 4
4 63 16
0 72 25
5 43 14
0 26 41
0 60 44
4 20 35
4 34 66
3 32 8
5 80 36
2 14 16
3 76 79
3 2 70
4 8 72
0 22 74
2 50 60
3 13 33
0 18 80
0 76 69
5 29 77
4 57 63
2 59 79
2 69 20
0 9 7
3 25 46
0 59 33
4 26 43
0 19 53
0 44 58
3 47 57
2 73 48
0 62 27
0 71 41
0 14 62
2 48 66
5 54 78
4 19 67
0 64 57
4 7 66
5 62 19
3 46 70
2 23 25
2 51 67
4 7 29
4 37 32
5 55 78
0 2 12
3 46 32
2 60 30
0 62 36
5 27 51
0 11 77
4 79 5
5 29 5
2 3 41
0 68 6
2 51 13
4 5 60
2 58 6
2 44 32
0 49 16
4 21 2
5 68 27
0 72 30
2 20 66
3 42 33
2 18 22
3 30 20
0 36 4
1 73 39
0 48 2
1 70 75
0 9 3
5 31 57
3 27 63
0 55 20
5 68 1
0 5 70
3 22 7
0 33 70
4 7 30
0 19 44
3 53 78
5 76 18
4 40 77
0 78 64
4 75 50
5 60 38
2 65 56
0 33 11
0 14 40
0 11 50
2 44 66
0 26 75
4 66 80
2 69 42
0 73 31
5 41 28
3 51 59
0 12 46
0 69 72
2 5 42
3 43 50
5 66 11
4 33 14
4 58 48
5 19 69
0 44 73
4 49 66
0 61 68
2 62 43
3 68 64
4 49 54
3 66 34
0 7 22
2 12 10
2 72 47
0 57 15
0 9 73
4 49 37
4 59 39
0 3 72
0 18 69
0 56 40
1 75 56
3 55 73
0 59 28
5 66 38
5 46 78
5 0 65
5 61 76
1 34 69
0 50 27
1 79 57
0 48 6
5 36 71
3 55 75
5 28 7
3 36 56
0 52 72
3 68 74
5 49 57
5 30 1
0 27 61
4 78 41
4 2 35
0 47 70
5 4 50
5 78 58
3 36 33
5 7 57
0 53 13
2 24 68
0 75 1
0 48 80
3 16 12
3 60 52
0 0 74
5 18 57
4 71 6
3 80 29
0 5 62
5 6 73
2 43 80
4 12 32
4 78 35
5 5 40
2 63 22
0 22 63
3 4 24
5 20 79
0 25 28
4 52 15
4 24 53
0 33 71
0 60 32
2 45 70
5 75 15
5 43 27
0 58 34
5 22 37
3 48 65
0 57 44
3 16 71
2 45 80
3 76 39
3 55 44
3 53 71
2 67 54
5 43 5
5 17 40
3 22 75
4 5 43
3 56 33
0 56 23
0 8 47
3 16 65
4 28 61
0 42 20
5 32 3
2 62 32
0 5 34
2 41 54
5 80 65
0 37 21
3 66 77
4 68 25
0 65 1
5 80 42
4 53 76
4 77 24
4 48 68
3 22 50
0 58 12
1 39 71
0 65 7
2 12 60
4 63 10
0 49 1
2 69 68
2 57 28
2 28 16
2 59 25
4 46 80
5 66 35
3 54 12
2 57 58
4 59 12
2 77 76
0 6 39
4 10 4
1 39 51
4 45 22
3 39 31
0 52 30
0 55 52
2 75 67
2 40 53
5 2 31
3 63 59
4 19 50
5 55 9
2 11 66
4 24 36
0 31 78
0 70 45
5 24 62
0 44 64
5 45 74
4 62 28
0 68 38
3 80 78
0 45 24
2 31 76
2 50 46
2 40 56
5 55 38
2 67 72
0 6 49
0 37 51
4 58 32
2 48 16
5 0 37
2 33 76
2 75 46
2 41 25
0 8 27
3 47 17
3 53 59
5 7 27
4 28 43
2 33 42
4 50 2
2 59 36
0 59 37
4 74 12
0 53 38
3 4 38
4 15 47
2 18 35
2 6 54
0 9 39
3 42 38
3 43 45
0 10 51
5 12 59
4 54 25
4 45 16
2 62 2
2 36 72
3 2 67
0 80 23
3 80 31
2 63 78
4 74 42
4 57 6
5 6 18
2 15 11
4 31 71
3 13 79
3 31 45
5 72 5
4 14 46
2 14 53
0 46 59
2 0 6
5 45 59
4 62 15
0 12 27
0 79 29
0 71 57
2 18 47
3 32 79
2 34 22
5 20 12
2 51 44
0 67 74
1 57 65
5 35 19
0 71 77
0 50 78
4 40 52
2 21 30
4 71 36
3 4 9
3 58 77
3 54 6
5 6 40
0 60 0
0 58 18
5 36 48
0 29 4
2 31 50
2 40 20
5 6 37
0 1 33
0 23 75
2 27 78
3 28 63
5 62 77
5 60 23
0 33 63
0 55 68
0 26 54
0 2 27
2 33 22
5 21 40
3 46 27
5 73 27
0 12 41
4 65 36
5 67 0
4 20 36
4 4 25
4 17 67
0 20 33
0 0 62
0 73 3
3 66 9
3 64 55
5 68 80
0 23 45
3 41 14
4 26 47
2 0 68
0 42 27
0 51 18
0 77 48
2 43 32
2 7 32
4 39 64
0 25 5
5 2 50
0 78 21
2 33 27
5 17 34
4 26 72
5 42 76
0 1 67
4 40 74
4 40 8
0 18 76
2 49 78
5 76 29
4 58 70
2 34 9
4 74 15
3 46 67
5 60 3
2 79 41
3 22 29
4 48 61
5 11 3
5 47 12
5 61 38
3 58 65
2 65 41
0 12 55
2 28 35
5 27 77
0 34 20
0 66 7
3 42 11
0 43 72
0 9 51
5 66 60
3 13 27
4 55 22
3 72 7
1 42 54
5 22 27
4 69 1
5 16 3
5 80 37
3 44 77
2 58 46
5 21 74
0 40 65
0 3 51
2 75 16
2 34 48
4 29 68
2 3 35
0 3 28
2 19 78
0 36 57
2 15 13
5 75 45
3 78 38
3 76 38
4 7 55
2 45 29
4 31 24
5 53 9
2 53 2
0 77 56
2 59 16
3 72 50
4 39 20
4 34 2
2 26 61
4 3 64
3 4 7
4 17 21
2 0 22
0 60 1
2 67 80
2 31 11
4 46 25
5 72 33
5 60 35
0 51 26
4 37 63
0 52 8
5 68 28
5 5 65
2 19 16
3 5 74
4 57 78
3 80 19
3 28 69
0 34 37
2 79 60
0 10 56
0 47 9
0 60 17
3 67 38
2 61 35
5 62 49
0 48 24
3 25 31
1 40 45
5 60 49
5 57 69
3 78 40
4 27 58
4 5 55
4 48 35
0 47 18
3 25 23
4 65 0
5 37 34
0 75 43
2 44 78
3 78 57
0 16 50
4 79 4
4 58 11
5 1 59
3 10 8
2 69 14
2 57 7
0 38 7
3 78 73
5 60 72
0 51 31
2 40 27
4 25 30
5 63 37
3 68 79
4 17 43
2 79 11
0 33 12
5 73 45
1 75 28
3 25 3
3 68 46
3 30 36
4 49 63
4 73 13
0 76 48
4 25 80
0 33 64
5 78 5
4 49 14
0 8 50
4 51 25
3 28 34
5 78 45
5 3 40
0 1 22
4 18 6
0 77 30
4 19 15
5 72 70
4 27 80
4 19 41
3 36 65
0 0 30
4 2 22
2 59 29
3 22 12
5 68 13
5 22 59
0 15 65
0 69 5
5 46 34
2 62 67
2 59 75
2 77 47
5 76 5
2 79 7
2 56 25
0 70 39
3 30 78
0 72 71
2 37 62
0 49 71
4 17 0
4 12 42
4 63 2
4 73 11
3 41 29
3 42 75
5 20 40
2 19 75
5 29 0
4 69 34
2 59 24
3 20 38
4 24 54
0 64 30
3 70 19
1 25 68
5 30 61
4 36 2
3 57 74
0 73 68
3 35 5
0 9 62
2 70 22
4 9 47
2 77 75
0 47 19
3 61 78
4 50 64
4 56 68
4 51 70
4 73 67
4 21 35
4 41 2
5 55 43
0 2 33
0 13 35
3 50 7
0 29 59
2 9 76
0 6 71
0 16 42
4 21 54
0 42 28
4 73 44
4 50 29
2 39 41
0 71 5
5 60 67
0 31 5
0 70 9
2 29 25
2 62 41
5 31 38
5 68 43
3 36 43
0 66 47
2 48 47
5 78 59
5 37 49
5 6 19
4 74 32
5 48 70
2 12 54
4 19 3
0 69 2
0 64 52
3 65 59
5 46 5
5 75 52
2 7 53
0 60 73
5 23 65
5 52 38
5 6 23
1 66 72
2 57 47
2 26 30
4 37 80
4 18 55
3 66 45
3 68 75
4 49 28
5 10 65
4 8 29
4 40 1
4 42 68
2 36 16
4 59 26
3 25 38
4 20 61
0 42 77
5 38 49
2 79 64
3 24 40
5 54 51
0 16 4
0 72 68
3 54 24
5 25 57
4 20 64
4 75 53
2 33 66
3 43 58
5 35 39
4 75 6
0 80 2
0 36 69
5 14 37
0 65 80
5 2 32
1 69 74
0 77 26
1 71 51
0 80 6
0 4 59
5 43 77
0 64 62
0 45 68
2 7 13
4 6 61
4 15 46
5 53 20
4 74 16
1 77 62
5 6 74
3 80 15
0 5 10
4 31 52
5 10 38
4 8 78
5 41 74
0 66 40
4 78 29
4 59 19
2 19 10
5 41 58
0 43 65
4 40 10
3 11 59
3 64 59
0 72 20
5 6 75
2 51 64
5 30 4
0 16 74
3 61 31
4 77 39
5 2 59
4 64 80
2 15 16
0 64 29
0 72 32
2 59 66
3 25 53
3 80 21
3 64 74
5 52 57
5 9 40
5 22 77
3 46 57
5 29 23
2 7 36
4 5 9
0 2 68
4 24 10
4 69 54
5 30 71
0 75 9
2 40 2
0 67 28
4 57 20
5 68 36
4 52 71
2 19 30
2 69 58
2 71 29
5 25 42
0 54 76
3 15 79
5 31 19
0 63 17
3 72 53
4 14 78
0 29 3
5 71 38
0 6 29
4 32 60
2 40 33
3 14 19
5 54 10
2 57 68
2 6 60
4 34 3
2 75 61
2 39 70
0 75 11
4 75 4
5 32 20
3 62 40
2 62 76
3 60 31
3 66 63
5 41 12
3 80 70
0 57 42
3 54 58
3 42 51
3 80 32
3 42 22
4 57 25
5 66 32
5 32 44
4 34 58
4 0 61
1 46 60
0 39 60
1 36 76
2 27 32
4 43 55
4 4 47
5 8 40
2 29 61
0 49 70
4 1 80
3 39 19
2 49 30
4 37 33
0 5 45
2 63 67
3 32 23
3 35 28
5 13 71
5 20 49
5 66 14
2 62 30
0 28 53
0 26 31
3 28 73
5 30 52
4 64 61
4 12 20
5 54 30
2 65 46
0 15 49
5 7 62
1 16 22
3 4 77
0 75 33
0 18 30
0 72 58
4 51 7
2 0 36
5 68 10
0 5 63
4 27 6
5 46 22
4 5 80
2 57 4
5 7 19
5 67 7
5 53 6
2 15 68
5 57 45
4 8 67
0 43 4
0 16 77
2 34 0
0 77 0
2 40 75
3 25 44
0 79 13
3 53 18
2 22 25
0 73 42
2 3 47
5 11 52
4 14 20
3 38 65
5 2 46
5 54 5
2 34 54
3 43 74
5 41 61
3 29 7
2 19 61
3 41 18
4 73 60
0 12 7
3 36 34
0 72 62
4 37 65
5 49 74
5 61 73
2 33 29
2 19 47
1 59 45
5 44 15
1 38 62
2 69 15
2 37 64
0 66 0
3 53 56
2 62 70
5 41 8
0 5 39
2 36 60
2 38 6
5 25 40
5 26 59
2 12 80
4 59 1
5 30 18
4 2 80
5 48 74
0 69 11
2 34 52
5 60 19
5 47 24
5 35 37
3 30 2
0 16 59
4 59 18
2 37 68
0 7 10
3 35 45
5 6 79
3 24 37
3 29 70
2 31 20
2 76 72
2 31 60
0 45 73
1 32 61
5 54 34
4 29 80
0 56 26
4 10 47
4 3 80
5 53 24
3 78 51
4 49 15
0 56 31
2 14 72
5 48 8
0 77 22
5 50 44
5 15 63
2 73 30
0 79 51
4 11 72
0 39 74
0 40 63
4 62 13
4 38 64
4 26 55
2 71 28
0 10 48
5 56 7
2 17 32
3 16 70
2 52 6
4 1 47
5 41 65
5 25 78
3 53 39
3 41 9
2 57 11
3 27 49
3 53 44
4 48 25
5 53 23
0 38 18
3 44 27
4 52 13
5 53 3
5 78 52
0 24 12
0 28 74
5 35 64
3 36 39
3 70 38
1 59 69
3 16 53
2 11 46
0 67 19
4 40 11
3 37 59
3 76 8
3 72 3
3 53 7
2 24 2
0 72 59
3 76 7
5 42 21
4 39 2
3 80 18
3 24 19
4 7 20
3 54 7
4 35 60
0 43 1
4 65 33
4 54 42
2 57 62
3 35 31
4 71 16
2 7 48
4 45 75
5 35 11
0 20 67
3 55 74
3 30 28
0 54 22
0 15 76
5 7 73
5 73 71
3 47 69
4 13 80
0 21 58
2 6 30
0 22 61
5 30 44
4 37 60
5 58 33
0 65 19
0 3 26
2 73 22
5 21 59
4 4 30
3 2 62
5 36 11
3 60 50
5 66 33
0 19 33
5 42 29
5 30 13
1 67 55
4 62 25
0 49 12
2 6 22
2 31 61
0 70 1
4 36 32
4 31 77
3 35 73
5 54 39
0 8 21
0 57 31
2 50 16
2 0 42
2 65 31
2 62 6
2 59 48
4 69 26
3 78 50
4 31 10
4 43 2
2 79 63
4 24 76
5 61 77
2 43 25
0 50 54
2 33 56
5 25 29
4 14 29
4 73 6
2 62 44
0 74 49
2 40 4
3 15 34
2 65 78
0 6 31
2 57 64
3 44 19
2 51 54
5 5 33
5 47 40
0 50 19
4 23 29
5 43 9
2 33 10
2 37 25
2 17 2
5 22 48
3 20 63
3 22 73
3 60 40
5 30 72
5 2 26
0 72 21
5 18 49
2 45 78
3 47 43
4 17 48
0 16 62
4 40 12
0 9 38
4 20 41
2 74 62
0 65 22
3 64 77
2 31 2
5 63 77
5 41 26
0 68 17
4 48 55
3 61 63
0 12 65
5 68 16
2 74 41
2 11 54
5 4 27
1 2 60
0 67 3
5 31 74
4 63 39
3 47 2
5 15 59
1 30 80
0 75 38
5 44 75
4 55 36
4 8 41
4 51 36
5 80 57
2 34 28
0 8 51
4 74 52
2 33 68
0 65 16
0 12 71
3 22 56
0 47 41
0 27 44
0 3 79
4 41 47
5 50 63
3 62 79
5 53 5
5 60 43
5 68 22
0 55 6
2 8 30
4 40 17
4 72 22
5 58 63
2 48 42
5 47 0
0 28 5
0 52 59
4 70 53
5 80 13
5 9 65
3 30 5
5 60 2
5 22 65
0 3 37
5 35 70
5 30 79
0 53 72
4 26 2
3 61 39
0 17 73
0 44 10
1 70 56
4 39 72
3 80 46
1 38 77
5 61 23
0 79 30
0 9 53
2 19 7
4 50 13
5 78 49
4 8 22
0 23 10
3 47 73
2 69 27
5 67 15
2 58 42
2 74 11
2 49 22
3 47 15
3 41 48
5 35 49
5 30 16
4 38 15
3 29 79
3 61 44
5 24 59
5 8 34
4 45 40
0 78 12
5 60 9
2 33 32
0 14 28
5 53 21
5 36 6
0 28 72
5 29 9
2 33 13
4 75 2
5 64 33
5 15 45
4 16 68
5 10 26
0 12 62
2 64 68
0 0 73
2 27 68
2 27 56
0 5 73
3 25 19
2 48 53
5 47 63
3 47 33
2 65 25
3 36 8
3 76 28
0 64 7
5 20 14
3 27 74
0 69 39
4 6 72
2 20 80
2 45 20
4 20 53
5 26 69
2 71 75
2 62 75
2 60 54
3 4 69
3 66 21
4 38 22
0 57 80
4 28 4
0 9 44
0 59 20
4 69 12
5 32 76
2 74 23
4 1 42
4 15 66
3 68 49
3 73 63
5 25 1
4 66 41
3 61 0
5 25 0
3 11 45
3 35 6
0 7 21
0 16 36
3 73 79
0 51 28
4 38 50
5 35 7
2 65 6
3 53 8
2 49 42
3 22 6
5 15 19
0 50 72
3 35 15
3 62 69
0 43 28
4 56 70
2 40 14
3 78 31
3 11 63
0 73 32
0 24 27
2 38 46
5 80 12
4 76 61
0 70 36
4 65 4
4 8 55
0 66 10
5 35 36
5 48 7
0 24 67
3 71 33
5 32 71
2 67 41
1 7 51
4 20 76
5 0 49
4 7 75
3 55 79
3 7 77
4 1 54
2 79 31
3 51 37
0 55 4
5 5 49
5 52 19
4 74 57
5 41 75
0 64 9
2 59 43
4 5 47
4 16 66
1 74 45
0 23 6
2 39 4
5 73 33
2 53 22
0 71 24
0 56 21
5 46 0
0 59 10
4 45 5
0 8 31
5 7 31
2 57 16
4 10 54
4 73 20
0 12 25
3 54 55
0 64 5
0 78 4
5 68 9
4 65 9
4 59 63
0 72 26
4 38 24
4 69 56
4 73 61
4 38 70
4 58 20
0 64 42
0 4 79
4 62 10
5 23 74
3 71 40
5 42 10
4 65 23
3 22 17
4 26 10
5 39 59
4 24 41
4 3 32
3 2 44
4 45 17
3 68 73
3 2 0
5 45 69
4 74 43
5 66 28
0 6 66
0 12 68
3 60 33
2 69 78
4 56 4
3 47 32
4 40 55
0 17 31
0 20 50
3 30 32
0 37 16
2 53 54
0 10 29
0 21 65
5 67 39
3 2 14
4 4 42
4 69 52
2 58 44
4 52 76
3 25 67
4 11 53
5 54 68
3 58 37
5 3 45
1 46 2
0 14 61
2 49 47
4 40 62
5 76 11
3 44 7
0 19 60
5 25 13
0 42 8
3 47 64
2 38 53
5 28 62
3 72 15
4 20 32
2 69 73
2 34 5
4 29 54
4 45 64
5 28 15
5 22 35
5 41 17
4 16 47
5 64 3
5 78 0
0 80 7
4 30 68
2 73 36
4 45 26
0 56 32
0 49 68
5 48 73
3 11 57
5 72 43
1 48 67
4 76 30
4 59 21
0 21 73
3 47 35
4 59 6
5 10 3
0 53 14
3 70 59
1 53 36
4 19 58
0 57 1
0 9 56
0 43 12
3 72 45
3 0 59
4 5 25
5 7 49
2 79 70
4 34 76
2 66 68
5 63 49
5 44 45
2 79 35
2 34 30
4 9 4
0 36 5
1 60 66
5 61 19
5 5 37
5 1 74
3 78 69
0 55 27
2 29 47
3 35 48
4 26 78
0 15 58
4 9 66
0 9 22
0 10 72
5 12 69
3 41 63
4 57 0
5 16 69
0 64 4
1 50 75
3 72 65
5 64 26
2 69 36
2 67 66
2 23 30
3 35 26
4 59 72
5 54 13
5 77 52
5 42 3
4 11 64
4 18 43
5 48 18
4 43 22
0 1 23
0 51 17
3 32 75
4 37 4
2 55 35
0 29 62
3 50 71
4 74 22
4 24 32
2 6 25
0 63 79
4 50 4
0 0 47
3 55 71
5 10 62
0 60 11
5 61 53
0 14 63
5 42 13
5 30 10
3 54 20
0 51 80
4 65 52
5 54 23
4 15 54
1 53 64
5 23 34
4 24 46
4 44 54
2 9 61
0 10 43
2 15 2
3 66 73
4 63 6
5 11 27
5 17 59
5 3 59
3 39 65
0 64 75
2 38 67
4 29 48
3 41 57
5 61 12
2 17 72
0 67 56
4 62 42
5 16 51
5 13 75
0 15 27
5 4 70
2 43 54
5 76 20
4 69 59
0 80 50
0 67 60
5 28 59
5 72 38
4 15 50
4 69 21
2 40 23
3 30 26
3 47 77
4 21 11
3 64 50
0 14 31
0 12 0
2 76 41
5 23 37
2 64 35
0 27 64
3 14 59
3 41 78
3 2 69
3 25 36
5 76 55
5 6 21
2 27 76
0 66 23
0 22 45
4 24 30
5 47 68
5 17 45
3 61 9
1 36 61
5 22 11
4 58 25
1 40 59
0 10 75
5 19 34
0 11 22
4 27 20
5 6 65
3 68 8
4 12 53
3 48 50
5 42 9
5 55 18
5 80 1
0 49 60
0 5 24
5 15 37
0 14 26
4 45 33
2 74 46
2 34 31
2 74 13
5 48 17
0 8 10
5 23 49
3 47 23
4 49 77
5 64 76
4 17 29
3 53 26
4 71 54
5 3 74
4 45 30
5 24 49
5 43 23
0 38 25
0 54 41
5 32 11
0 69 9
2 59 60
4 49 56
4 1 25
2 21 22
5 51 77
2 49 36
5 17 74
5 10 77
3 41 6
0 54 32
0 28 21
4 27 16
4 23 80
2 65 73
4 34 12
0 41 45
4 63 47
4 77 54
2 12 66
4 45 12
5 60 39
4 69 10
5 25 4
4 40 24
5 30 42
0 37 35
5 20 39
4 19 31
5 61 40
5 13 45
0 65 50
0 56 12
4 17 42
2 40 80
4 79 58
0 20 8
4 71 76
0 68 52
3 70 27
3 31 40
3 22 28
5 61 33
4 5 78
0 17 56
5 42 2
0 5 53
0 40 51
2 61 46
2 63 41
0 24 39
4 37 0
2 53 68
4 17 23
3 68 77
0 76 71
5 51 39
0 26 73
4 74 60
5 30 6
5 53 57
2 33 4
2 71 80
5 78 17
2 57 27
0 63 60
0 60 4
5 11 7
0 4 32
4 38 10
5 47 79
0 17 20
2 5 22
3 72 37
4 39 68
4 56 28
5 38 57
5 17 69
5 41 76
2 51 2
4 77 4
5 48 33
4 7 11
0 67 47
3 66 26
0 10 67
3 41 62
5 13 0
5 13 37
0 49 64
2 40 44
3 41 31
5 46 9
5 14 33
4 59 11
0 10 53
3 32 77
3 47 55
2 48 64
2 55 41
4 11 61
4 34 73
4 24 72
5 24 52
5 67 9
2 29 64
2 7 54
0 38 51
5 7 69
2 49 6
1 56 50
4 28 42
4 14 60
4 79 46
3 75 31
3 7 59
5 16 20
0 10 49
3 15 74
5 63 40
4 44 60
4 17 61
0 49 19
0 42 70
3 54 74
0 21 51
0 39 26
0 66 4
3 54 53
5 13 50
0 20 69
3 46 53
5 73 38
3 41 69
2 34 70
4 6 32
2 40 22
3 66 69
4 41 72
2 6 68
0 62 34
0 57 43
5 6 27
4 50 67
2 9 41
0 18 39
4 17 55
2 51 43
4 13 47
3 16 33
4 10 68
5 41 7
4 57 24
1 35 16
3 4 63
5 68 21
4 19 51
4 43 30
5 29 40
3 36 14
3 16 9
4 57 72
0 3 70
2 29 72
0 15 0
2 34 4
0 72 40
5 47 62
5 37 57
0 30 51
5 53 12
4 79 9
5 10 45
4 45 77
3 71 34
5 80 25
4 37 18
4 23 42
2 77 29
5 14 57
5 20 27
2 19 48
5 80 10
5 56 77
5 43 18
5 10 24
4 79 14
5 46 66
3 71 49
2 18 42
2 78 76
0 34 11
5 43 69
4 69 3
4 75 13
5 4 44
0 6 62
4 49 23
3 25 20
4 18 4
5 13 1
4 40 19
2 45 0
3 68 19
3 25 49
2 44 68
3 61 67
3 16 58
5 47 16
5 19 45
2 7 50
4 62 68
0 62 23
3 77 49
2 57 75
4 56 41
5 61 14
0 68 26
2 77 51
0 43 21
0 64 45
4 79 67
3 16 76
5 32 24
4 79 54
4 5 48
5 48 44
0 15 39
1 62 31
3 13 65
4 57 53
1 51 27
0 58 3
4 79 0
4 3 10
5 32 12
4 79 27
4 12 36
4 23 48
2 69 23
5 54 1
3 25 14
3 16 45
3 41 38
3 43 63
0 65 3
4 50 70
0 25 63
2 57 39
4 0 13
5 67 26
5 13 44
2 38 76
4 3 61
0 38 12
0 75 14
5 56 49
2 59 2
0 50 26
0 4 46
5 16 2
3 11 19
2 39 22
5 13 77
2 29 32
0 9 31
4 28 80
4 44 6
5 55 26
5 75 37
0 17 70
0 38 5
2 37 50
0 35 1
0 39 17
3 60 53
2 77 67
0 42 59
3 6 51
4 1 68
0 11 8
4 44 55
5 6 52
3 75 59
5 46 16
2 14 54
0 67 21
0 59 30
5 38 33
4 52 24
5 42 46
2 52 36
5 38 59
5 47 1
0 76 70
2 74 58
0 14 70
5 48 9
5 50 57
4 21 60
0 39 53
5 12 45
4 43 48
5 6 44
0 22 43
5 64 21
5 18 34
4 23 11
3 22 62
5 21 17
4 18 78
5 13 70
0 26 28
0 12 70
0 21 27
3 35 78
4 79 33
5 44 63
3 61 8
0 28 12
0 10 21
5 4 56
5 76 56
4 63 42
3 14 69
4 55 67
5 67 18
0 1 48
2 45 38
0 41 19
2 52 29
5 2 45
0 51 62
5 32 19
5 43 26
0 22 53
5 42 45
5 78 14
3 43 71
4 57 73
4 51 22
0 29 49
4 1 13
1 45 34
4 6 36
5 5 79
2 51 35
2 27 48
4 26 48
5 27 65
5 76 65
4 12 64
2 75 54
3 48 27
0 50 21
4 9 55
5 42 17
2 62 72
0 21 9
2 79 78
4 41 22
3 54 50
4 0 46
5 68 4
5 64 44
4 16 72
4 74 28
4 56 44
5 14 65
4 51 20
2 40 68
2 50 53
4 44 72
0 17 50
5 36 3
4 53 32
4 9 32
3 72 9
3 36 17
4 8 43
0 26 11
3 16 57
4 11 68
0 1 56
3 15 57
0 71 1
5 10 52
0 20 48
0 17 38
5 26 40
5 35 38
4 34 17
3 54 2
5 75 19
0 17 75
5 47 8
1 35 2
0 79 1
4 21 53
4 13 42
5 5 26
5 11 23
2 8 64
3 42 19
2 66 30
4 59 17
5 24 38
2 77 28
5 23 17
3 35 53
5 13 28
3 39 62
2 19 14
0 32 10
0 11 28
4 79 44
3 4 51
0 35 61
0 27 4
2 11 2
5 48 14
4 56 13
0 46 18
2 22 47
5 56 39
3 22 31
4 39 11
0 0 71
3 46 24
5 76 3
4 33 9
4 33 23
4 78 66
4 52 55
4 57 9
0 21 79
4 13 30
5 46 26
4 4 54
4 69 46
4 13 25
4 12 6
0 16 30
5 55 17
0 8 63
5 42 1
5 75 40
0 12 18
4 7 46
4 76 2
5 36 74
2 3 42
4 38 68
5 61 11
0 28 23
0 33 21
5 2 37
0 43 13
5 43 8
0 0 31
5 5 69
4 15 28
5 20 7
5 36 78
0 66 51
5 13 56
5 64 6
4 49 18
4 8 48
3 66 19
2 37 36
5 30 9
0 62 18
4 33 5
5 53 27
5 48 5
5 55 5
4 15 56
2 12 2
4 6 53
4 32 54
5 11 39
2 69 22
0 60 45
4 63 15
4 65 18
4 73 53
5 26 74
0 75 62
3 53 0
5 8 19
4 18 61
2 31 28
2 37 6
2 39 46
5 20 73
1 46 72
5 43 0
0 24 73
4 35 25
5 6 28
3 30 33
5 49 79
0 49 3
5 9 57
4 57 18
5 67 8
2 9 10
5 50 15
2 76 22
4 67 48
5 9 26
2 49 76
2 70 47
1 44 28
5 78 23
5 19 40
4 52 10
4 54 47
4 3 54
5 70 33
3 51 63
0 66 18
4 49 9
5 10 31
5 61 32
0 72 4
3 4 62
3 42 72
5 32 67
3 47 3
4 9 48
4 78 55
4 18 29
4 26 68
0 24 47
5 18 65
0 58 53
2 75 78
4 14 67
5 36 20
1 34 74
4 9 43
4 71 11
4 19 62
4 21 6
4 0 48
0 66 49
5 9 49
4 63 24
4 34 19
5 52 63
4 24 61
5 55 0
4 74 19
5 54 31
5 55 14
5 4 18
5 23 57
4 15 75
4 10 42
0 60 10
5 2 73
0 24 43
0 66 1
3 37 40
4 27 11
0 14 0
5 80 4
4 6 64
2 75 30
2 64 2
4 0 60
0 16 0
4 19 8
4 41 35
5 52 31
4 10 25
4 10 80
5 61 21
4 74 17
4 59 3
2 45 25
1 74 40
5 1 45
3 62 37
5 46 77
4 69 16
5 15 62
5 0 17
5 6 70
4 3 36
4 40 26
4 65 14
5 9 37
5 22 60
3 68 55
4 37 14
5 21 45
5 67 5
5 9 79
5 6 50
5 6 12
5 26 34
5 20 51
5 36 21
3 72 8
5 48 0
4 3 11
5 61 20
4 23 55
5 11 58
5 8 59
5 14 79
4 34 21
5 12 74
4 45 8
4 0 29
4 37 9
3 48 45
5 4 10
4 70 6
2 14 30
5 64 12
4 57 14
5 67 23
5 78 9
5 9 33
4 14 48
5 56 15
4 11 36
4 4 80
0 25 2
5 10 63
4 40 21
5 61 24
5 1 40
3 46 12
4 3 53
5 24 31
5 1 69
4 74 26
4 15 70
5 67 14
4 12 61
5 78 18
4 33 0
4 77 15
5 21 34
5 21 69
4 0 78
5 20 71
5 42 4
4 57 23
5 78 26
5 0 79
4 15 44
0 79 19
5 32 6
5 12 34
4 74 8
4 70 13
4 69 19
4 18 48
4 26 5
4 34 26
5 76 24
